    -300.000     456.091362
    -299.900     456.312240
    -299.800     456.545691
    -299.700     456.791373
    -299.600     457.048932
    -299.500     457.318012
    -299.400     457.598257
    -299.300     457.889327
    -299.200     458.190897
    -299.100     458.502670
    -299.000     458.824384
    -298.900     459.153468
    -298.800     459.492322
    -298.700     459.840976
    -298.600     460.199479
    -298.500     460.567886
    -298.400     460.946253
    -298.300     461.334627
    -298.200     461.733041
    -298.100     462.141505
    -298.000     462.560003
    -297.900     462.990423
    -297.800     463.430520
    -297.700     463.880045
    -297.600     464.338740
    -297.500     464.806346
    -297.400     465.282613
    -297.300     465.767303
    -297.200     466.260195
    -297.100     466.761094
    -297.000     467.269829
    -296.900     467.784921
    -296.800     468.307753
    -296.700     468.838341
    -296.600     469.376708
    -296.500     469.922881
    -296.400     470.476884
    -296.300     471.038731
    -296.200     471.608416
    -296.100     472.185911
    -296.000     472.771158
    -295.900     473.365169
    -295.800     473.966625
    -295.700     474.575265
    -295.600     475.190791
    -295.500     475.812877
    -295.400     476.441169
    -295.300     477.075296
    -295.200     477.714871
    -295.100     478.359505
    -295.000     479.008806
    -294.900     479.660940
    -294.800     480.317061
    -294.700     480.976942
    -294.600     481.640375
    -294.500     482.307156
    -294.400     482.977086
    -294.300     483.649958
    -294.200     484.325548
    -294.100     485.003609
    -294.000     485.683858
    -293.900     486.368128
    -293.800     487.053744
    -293.700     487.740088
    -293.600     488.426494
    -293.500     489.112256
    -293.400     489.796642
    -293.300     490.478902
    -293.200     491.158280
    -293.100     491.834024
    -293.000     492.505398
    -292.900     493.169062
    -292.800     493.827210
    -292.700     494.479402
    -292.600     495.125204
    -292.500     495.764171
    -292.400     496.395840
    -292.300     497.019715
    -292.200     497.635258
    -292.100     498.241876
    -292.000     498.838921
    -291.900     499.427914
    -291.800     500.005515
    -291.700     500.570731
    -291.600     501.122564
    -291.500     501.660025
    -291.400     502.182153
    -291.300     502.688027
    -291.200     503.176784
    -291.100     503.647622
    -291.000     504.099811
    -290.900     504.531615
    -290.800     504.943802
    -290.700     505.335906
    -290.600     505.707481
    -290.500     506.058096
    -290.400     506.387318
    -290.300     506.694713
    -290.200     506.979833
    -290.100     507.242218
    -290.000     507.481394
    -289.900     507.697161
    -289.800     507.888634
    -289.700     508.055299
    -289.600     508.196651
    -289.500     508.312205
    -289.400     508.401497
    -289.300     508.464099
    -289.200     508.499619
    -289.100     508.507717
    -289.000     508.488107
    -288.900     508.439766
    -288.800     508.363310
    -288.700     508.258753
    -288.600     508.126205
    -288.500     507.965868
    -288.400     507.778033
    -288.300     507.563071
    -288.200     507.321426
    -288.100     507.053598
    -288.000     506.760132
    -287.900     506.443526
    -287.800     506.102403
    -287.700     505.737166
    -287.600     505.348205
    -287.500     504.935897
    -287.400     504.500616
    -287.300     504.042734
    -287.200     503.562630
    -287.100     503.060700
    -287.000     502.537362
    -286.900     501.991258
    -286.800     501.424894
    -286.700     500.838962
    -286.600     500.234187
    -286.500     499.611318
    -286.400     498.971128
    -286.300     498.314413
    -286.200     497.641983
    -286.100     496.954665
    -286.000     496.253301
    -285.900     495.538758
    -285.800     494.811716
    -285.700     494.073097
    -285.600     493.323863
    -285.500     492.565014
    -285.400     491.797576
    -285.300     491.022594
    -285.200     490.241120
    -285.100     489.454196
    -285.000     488.662845
    -284.900     487.869916
    -284.800     487.074464
    -284.700     486.277185
    -284.600     485.478706
    -284.500     484.679594
    -284.400     483.880361
    -284.300     483.081479
    -284.200     482.283386
    -284.100     481.486504
    -284.000     480.691249
    -283.900     479.896016
    -283.800     479.103436
    -283.700     478.314136
    -283.600     477.528754
    -283.500     476.747935
    -283.400     475.972323
    -283.300     475.202559
    -283.200     474.439272
    -283.100     473.683074
    -283.000     472.934559
    -282.900     472.194758
    -282.800     471.463622
    -282.700     470.741636
    -282.600     470.029270
    -282.500     469.326971
    -282.400     468.635165
    -282.300     467.954252
    -282.200     467.284603
    -282.100     466.626558
    -282.000     465.980419
    -281.900     465.347839
    -281.800     464.727593
    -281.700     464.119732
    -281.600     463.524271
    -281.500     462.941193
    -281.400     462.370460
    -281.300     461.812017
    -281.200     461.265807
    -281.100     460.731774
    -281.000     460.209872
    -280.900     459.697987
    -280.800     459.198405
    -280.700     458.711301
    -280.600     458.236856
    -280.500     457.775241
    -280.400     457.326614
    -280.300     456.891114
    -280.200     456.468854
    -280.100     456.059919
    -280.000     455.664361
    -279.900     455.283562
    -279.800     454.915921
    -279.700     454.561312
    -279.600     454.219615
    -279.500     453.890718
    -279.400     453.574525
    -279.300     453.270958
    -279.200     452.979956
    -279.100     452.701479
    -279.000     452.435502
    -278.900     452.181780
    -278.800     451.940695
    -278.700     451.712234
    -278.600     451.496361
    -278.500     451.293007
    -278.400     451.102072
    -278.300     450.923424
    -278.200     450.756897
    -278.100     450.602299
    -278.000     450.459411
    -277.900     450.327947
    -277.800     450.207646
    -277.700     450.098274
    -277.600     449.999611
    -277.500     449.911447
    -277.400     449.833596
    -277.300     449.765891
    -277.200     449.708188
    -277.100     449.660371
    -277.000     449.622351
    -276.900     449.593158
    -276.800     449.573716
    -276.700     449.564084
    -276.600     449.564338
    -276.500     449.574565
    -276.400     449.594858
    -276.300     449.625302
    -276.200     449.665972
    -276.100     449.716925
    -276.000     449.778185
    -275.900     449.852067
    -275.800     449.936056
    -275.700     450.029861
    -275.600     450.133153
    -275.500     450.245570
    -275.400     450.366735
    -275.300     450.496263
    -275.200     450.633772
    -275.100     450.778897
    -275.000     450.931303
    -274.900     451.087608
    -274.800     451.250898
    -274.700     451.421229
    -274.600     451.598696
    -274.500     451.783421
    -274.400     451.975541
    -274.300     452.175200
    -274.200     452.382535
    -274.100     452.597669
    -274.000     452.820697
    -273.900     453.054363
    -273.800     453.295715
    -273.700     453.544522
    -273.600     453.800535
    -273.500     454.063494
    -273.400     454.333140
    -273.300     454.609217
    -273.200     454.891484
    -273.100     455.179718
    -273.000     455.473718
    -272.900     455.771748
    -272.800     456.075459
    -272.700     456.384842
    -272.600     456.699885
    -272.500     457.020568
    -272.400     457.346859
    -272.300     457.678710
    -272.200     458.016047
    -272.100     458.358777
    -272.000     458.706779
    -271.900     459.060600
    -271.800     459.419249
    -271.700     459.782492
    -271.600     460.150094
    -271.500     460.521822
    -271.400     460.897455
    -271.300     461.276781
    -271.200     461.659609
    -271.100     462.045769
    -271.000     462.435115
    -270.900     462.826738
    -270.800     463.221392
    -270.700     463.619075
    -270.600     464.019800
    -270.500     464.423592
    -270.400     464.830483
    -270.300     465.240497
    -270.200     465.653651
    -270.100     466.069941
    -270.000     466.489334
    -269.900     466.913480
    -269.800     467.340481
    -269.700     467.770035
    -269.600     468.201799
    -269.500     468.635397
    -269.400     469.070427
    -269.300     469.506475
    -269.200     469.943123
    -269.100     470.379964
    -269.000     470.816612
    -268.900     471.250135
    -268.800     471.682966
    -268.700     472.115065
    -268.600     472.546434
    -268.500     472.977105
    -268.400     473.407134
    -268.300     473.836590
    -268.200     474.265541
    -268.100     474.694046
    -268.000     475.122147
    -267.900     475.552229
    -267.800     475.981667
    -267.700     476.410198
    -267.600     476.837542
    -267.500     477.263396
    -267.400     477.687452
    -267.300     478.109397
    -267.200     478.528922
    -267.100     478.945726
    -267.000     479.359521
    -266.900     479.769059
    -266.800     480.175248
    -266.700     480.577911
    -266.600     480.976863
    -266.500     481.371907
    -266.400     481.762836
    -266.300     482.149424
    -266.200     482.531434
    -266.100     482.908615
    -266.000     483.280704
    -265.900     483.646803
    -265.800     484.007209
    -265.700     484.361727
    -265.600     484.710184
    -265.500     485.052428
    -265.400     485.388329
    -265.300     485.717775
    -265.200     486.040668
    -265.100     486.356927
    -265.000     486.666474
    -264.900     486.970455
    -264.800     487.267508
    -264.700     487.557443
    -264.600     487.840060
    -264.500     488.115157
    -264.400     488.382526
    -264.300     488.641959
    -264.200     488.893251
    -264.100     489.136198
    -264.000     489.370603
    -263.900     489.595716
    -263.800     489.812008
    -263.700     490.019337
    -263.600     490.217555
    -263.500     490.406510
    -263.400     490.586039
    -263.300     490.755973
    -263.200     490.916138
    -263.100     491.066352
    -263.000     491.206433
    -262.900     491.335961
    -262.800     491.454975
    -262.700     491.563340
    -262.600     491.660936
    -262.500     491.747664
    -262.400     491.823447
    -262.300     491.888232
    -262.200     491.941989
    -262.100     491.984713
    -262.000     492.016425
    -261.900     492.037045
    -261.800     492.046706
    -261.700     492.045521
    -261.600     492.033638
    -261.500     492.011230
    -261.400     491.978496
    -261.300     491.935649
    -261.200     491.882911
    -261.100     491.820505
    -261.000     491.748640
    -260.900     491.669262
    -260.800     491.580802
    -260.700     491.483209
    -260.600     491.376376
    -260.500     491.260153
    -260.400     491.134354
    -260.300     490.998772
    -260.200     490.853197
    -260.100     490.697428
    -260.000     490.531297
    -259.900     490.351416
    -259.800     490.161112
    -259.700     489.960715
    -259.600     489.750645
    -259.500     489.531401
    -259.400     489.303552
    -259.300     489.067714
    -259.200     488.824540
    -259.100     488.574692
    -259.000     488.318826
    -258.900     488.060772
    -258.800     487.797686
    -258.700     487.529817
    -258.600     487.257364
    -258.500     486.980484
    -258.400     486.699299
    -258.300     486.413904
    -258.200     486.124377
    -258.100     485.830791
    -258.000     485.533224
    -257.900     485.230182
    -257.800     484.923545
    -257.700     484.613574
    -257.600     484.300543
    -257.500     483.984735
    -257.400     483.666442
    -257.300     483.345964
    -257.200     483.023606
    -257.100     482.699677
    -257.000     482.374490
    -256.900     482.048412
    -256.800     481.721656
    -256.700     481.394549
    -256.600     481.067431
    -256.500     480.740651
    -256.400     480.414570
    -256.300     480.089554
    -256.200     479.765975
    -256.100     479.444207
    -256.000     479.124626
    -255.900     478.807586
    -255.800     478.493467
    -255.700     478.182623
    -255.600     477.875397
    -255.500     477.572111
    -255.400     477.273069
    -255.300     476.978549
    -255.200     476.688804
    -255.100     476.404053
    -255.000     476.124488
    -254.900     475.851555
    -254.800     475.584013
    -254.700     475.321838
    -254.600     475.064980
    -254.500     474.813371
    -254.400     474.566931
    -254.300     474.325585
    -254.200     474.089266
    -254.100     473.857925
    -254.000     473.631544
    -253.900     473.407578
    -253.800     473.188827
    -253.700     472.975609
    -253.600     472.768271
    -253.500     472.567186
    -253.400     472.372733
    -253.300     472.185293
    -253.200     472.005235
    -253.100     471.832901
    -253.000     471.668602
    -252.900     471.515348
    -252.800     471.370373
    -252.700     471.233610
    -252.600     471.104948
    -252.500     470.984247
    -252.400     470.871342
    -252.300     470.766051
    -252.200     470.668190
    -252.100     470.577575
    -252.000     470.494036
    -251.900     470.415597
    -251.800     470.344139
    -251.700     470.279700
    -251.600     470.222332
    -251.500     470.172091
    -251.400     470.129043
    -251.300     470.093254
    -251.200     470.064789
    -251.100     470.043708
    -251.000     470.030070
    -250.900     470.024538
    -250.800     470.026439
    -250.700     470.035775
    -250.600     470.052550
    -250.500     470.076778
    -250.400     470.108484
    -250.300     470.147698
    -250.200     470.194463
    -250.100     470.248832
    -250.000     470.310862
    -249.900     470.380533
    -249.800     470.458034
    -249.700     470.543437
    -249.600     470.636812
    -249.500     470.738222
    -249.400     470.847722
    -249.300     470.965359
    -249.200     471.091170
    -249.100     471.225182
    -249.000     471.367409
    -248.900     471.518413
    -248.800     471.677604
    -248.700     471.844915
    -248.600     472.020269
    -248.500     472.203580
    -248.400     472.394763
    -248.300     472.593734
    -248.200     472.800416
    -248.100     473.014746
    -248.000     473.236676
    -247.900     473.464697
    -247.800     473.700374
    -247.700     473.943865
    -247.600     474.195356
    -247.500     474.455053
    -247.400     474.723175
    -247.300     474.999948
    -247.200     475.285595
    -247.100     475.580327
    -247.000     475.884338
    -246.900     476.199775
    -246.800     476.524631
    -246.700     476.858831
    -246.600     477.202265
    -246.500     477.554797
    -246.400     477.916269
    -246.300     478.286508
    -246.200     478.665333
    -246.100     479.052556
    -246.000     479.447995
    -245.900     479.849853
    -245.800     480.259771
    -245.700     480.677721
    -245.600     481.103671
    -245.500     481.537572
    -245.400     481.979360
    -245.300     482.428941
    -245.200     482.886192
    -245.100     483.350953
    -245.000     483.823023
    -244.900     484.302982
    -244.800     484.789576
    -244.700     485.282419
    -244.600     485.781100
    -244.500     486.285190
    -244.400     486.794241
    -244.300     487.307797
    -244.200     487.825391
    -244.100     488.346548
    -244.000     488.870792
    -243.900     489.397195
    -243.800     489.925780
    -243.700     490.456079
    -243.600     490.987601
    -243.500     491.519826
    -243.400     492.052199
    -243.300     492.584119
    -243.200     493.114939
    -243.100     493.643952
    -243.000     494.170389
    -242.900     494.694461
    -242.800     495.214186
    -242.700     495.728487
    -242.600     496.236212
    -242.500     496.736147
    -242.400     497.227020
    -242.300     497.707519
    -242.200     498.176301
    -242.100     498.632009
    -242.000     499.073288
    -241.900     499.496524
    -241.800     499.902737
    -241.700     500.290879
    -241.600     500.659958
    -241.500     501.009039
    -241.400     501.337233
    -241.300     501.643689
    -241.200     501.927584
    -241.100     502.188107
    -241.000     502.424446
    -240.900     502.638791
    -240.800     502.827146
    -240.700     502.988341
    -240.600     503.121157
    -240.500     503.224340
    -240.400     503.296613
    -240.300     503.336691
    -240.200     503.343299
    -240.100     503.315190
    -240.000     503.251168
    -239.900     503.147901
    -239.800     503.006701
    -239.700     502.826829
    -239.600     502.607654
    -239.500     502.348659
    -239.400     502.049439
    -239.300     501.709704
    -239.200     501.329275
    -239.100     500.908083
    -239.000     500.446164
    -238.900     499.943835
    -238.800     499.401113
    -238.700     498.818315
    -238.600     498.195852
    -238.500     497.534225
    -238.400     496.834019
    -238.300     496.095897
    -238.200     495.320600
    -238.100     494.508937
    -238.000     493.661784
    -237.900     492.781078
    -237.800     491.866664
    -237.700     490.919528
    -237.600     489.940737
    -237.500     488.931435
    -237.400     487.892842
    -237.300     486.826258
    -237.200     485.733052
    -237.100     484.614663
    -237.000     483.472588
    -236.900     482.308670
    -236.800     481.124402
    -236.700     479.921332
    -236.600     478.701005
    -236.500     477.464950
    -236.400     476.214695
    -236.300     474.951763
    -236.200     473.677683
    -236.100     472.393999
    -236.000     471.102277
    -235.900     469.801289
    -235.800     468.495550
    -235.700     467.187034
    -235.600     465.877764
    -235.500     464.569796
    -235.400     463.265192
    -235.300     461.965999
    -235.200     460.674215
    -235.100     459.391774
    -235.000     458.120510
    -234.900     456.865904
    -234.800     455.625474
    -234.700     454.400342
    -234.600     453.191517
    -234.500     451.999904
    -234.400     450.826320
    -234.300     449.671518
    -234.200     448.536194
    -234.100     447.421012
    -234.000     446.326611
    -233.900     445.251514
    -233.800     444.198752
    -233.700     443.169108
    -233.600     442.163338
    -233.500     441.182163
    -233.400     440.226270
    -233.300     439.296304
    -233.200     438.392866
    -233.100     437.516512
    -233.000     436.667753
    -232.900     435.846713
    -232.800     435.054084
    -232.700     434.290284
    -232.600     433.555698
    -232.500     432.850671
    -232.400     432.175508
    -232.300     431.530467
    -232.200     430.915756
    -232.100     430.331532
    -232.000     429.777893
    -231.900     429.256180
    -231.800     428.764965
    -231.700     428.304054
    -231.600     427.873203
    -231.500     427.472123
    -231.400     427.100485
    -231.300     426.757931
    -231.200     426.444078
    -231.100     426.158526
    -231.000     425.900860
    -230.900     425.670488
    -230.800     425.467218
    -230.700     425.290640
    -230.600     425.140342
    -230.500     425.015920
    -230.400     424.916976
    -230.300     424.843124
    -230.200     424.793999
    -230.100     424.769253
    -230.000     424.768568
    -229.900     424.789708
    -229.800     424.834481
    -229.700     424.902822
    -229.600     424.994688
    -229.500     425.110048
    -229.400     425.248874
    -229.300     425.411131
    -229.200     425.596766
    -229.100     425.805697
    -229.000     426.037807
    -228.900     426.296323
    -228.800     426.577361
    -228.700     426.880377
    -228.600     427.204795
    -228.500     427.550017
    -228.400     427.915438
    -228.300     428.300463
    -228.200     428.704515
    -228.100     429.127052
    -228.000     429.567578
    -227.900     430.022489
    -227.800     430.494878
    -227.700     430.984693
    -227.600     431.491930
    -227.500     432.016626
    -227.400     432.558851
    -227.300     433.118697
    -227.200     433.696273
    -227.100     434.291693
    -227.000     434.905075
    -226.900     435.538047
    -226.800     436.188983
    -226.700     436.857857
    -226.600     437.544644
    -226.500     438.249324
    -226.400     438.971881
    -226.300     439.712303
    -226.200     440.470585
    -226.100     441.246722
    -226.000     442.040711
    -225.900     442.852824
    -225.800     443.682833
    -225.700     444.530686
    -225.600     445.396308
    -225.500     446.279609
    -225.400     447.180478
    -225.300     448.098791
    -225.200     449.034407
    -225.100     449.987178
    -225.000     450.956950
    -224.900     451.942664
    -224.800     452.945125
    -224.700     453.964263
    -224.600     455.000012
    -224.500     456.052306
    -224.400     457.121079
    -224.300     458.206261
    -224.200     459.307774
    -224.100     460.425528
    -224.000     461.559421
    -223.900     462.709225
    -223.800     463.874840
    -223.700     465.056121
    -223.600     466.252909
    -223.500     467.465017
    -223.400     468.692233
    -223.300     469.934304
    -223.200     471.190932
    -223.100     472.461762
    -223.000     473.746375
    -222.900     475.046268
    -222.800     476.358827
    -222.700     477.683195
    -222.600     479.018417
    -222.500     480.363446
    -222.400     481.717158
    -222.300     483.078359
    -222.200     484.445805
    -222.100     485.818211
    -222.000     487.194273
    -221.900     488.569431
    -221.800     489.945847
    -221.700     491.322510
    -221.600     492.698409
    -221.500     494.072525
    -221.400     495.443809
    -221.300     496.811175
    -221.200     498.173483
    -221.100     499.529523
    -221.000     500.878007
    -220.900     502.220212
    -220.800     503.551671
    -220.700     504.870601
    -220.600     506.175168
    -220.500     507.463496
    -220.400     508.733683
    -220.300     509.983820
    -220.200     511.211999
    -220.100     512.416327
    -220.000     513.594934
    -219.900     514.745482
    -219.800     515.866931
    -219.700     516.957506
    -219.600     518.015425
    -219.500     519.038896
    -219.400     520.026122
    -219.300     520.975306
    -219.200     521.884657
    -219.100     522.752405
    -219.000     523.576811
    -218.900     524.354817
    -218.800     525.086109
    -218.700     525.769299
    -218.600     526.403115
    -218.500     526.986407
    -218.400     527.518153
    -218.300     527.997459
    -218.200     528.423561
    -218.100     528.795818
    -218.000     529.113711
    -217.900     529.378038
    -217.800     529.587210
    -217.700     529.740936
    -217.600     529.839039
    -217.500     529.881455
    -217.400     529.868233
    -217.300     529.799535
    -217.200     529.675634
    -217.100     529.496915
    -217.000     529.263868
    -216.900     528.977533
    -216.800     528.638203
    -216.700     528.246614
    -216.600     527.803586
    -216.500     527.310021
    -216.400     526.766905
    -216.300     526.175311
    -216.200     525.536398
    -216.100     524.851418
    -216.000     524.121712
    -215.900     523.347661
    -215.800     522.531969
    -215.700     521.676347
    -215.600     520.782584
    -215.500     519.852537
    -215.400     518.888122
    -215.300     517.891307
    -215.200     516.864103
    -215.100     515.808555
    -215.000     514.726736
    -214.900     513.620091
    -214.800     512.491275
    -214.700     511.342480
    -214.600     510.175912
    -214.500     508.993776
    -214.400     507.798256
    -214.300     506.591498
    -214.200     505.375596
    -214.100     504.152568
    -214.000     502.924344
    -213.900     501.695887
    -213.800     500.465622
    -213.700     499.234850
    -213.600     498.004762
    -213.500     496.776456
    -213.400     495.550958
    -213.300     494.329243
    -213.200     493.112260
    -213.100     491.900948
    -213.000     490.696259
    -212.900     489.495113
    -212.800     488.302941
    -212.700     487.121145
    -212.600     485.951131
    -212.500     484.794294
    -212.400     483.651995
    -212.300     482.525542
    -212.200     481.416168
    -212.100     480.325013
    -212.000     479.253107
    -211.900     478.204270
    -211.800     477.176046
    -211.700     476.168854
    -211.600     475.183017
    -211.500     474.218766
    -211.400     473.276259
    -211.300     472.355589
    -211.200     471.456799
    -211.100     470.579891
    -211.000     469.724837
    -210.900     468.890453
    -210.800     468.077954
    -210.700     467.287356
    -210.600     466.518656
    -210.500     465.771834
    -210.400     465.046857
    -210.300     464.343673
    -210.200     463.662217
    -210.100     463.002405
    -210.000     462.364140
    -209.900     461.747666
    -209.800     461.152467
    -209.700     460.578369
    -209.600     460.025180
    -209.500     459.492699
    -209.400     458.980713
    -209.300     458.489003
    -209.200     458.017344
    -209.100     457.565507
    -209.000     457.133263
    -208.900     456.719397
    -208.800     456.324729
    -208.700     455.949117
    -208.600     455.592413
    -208.500     455.254465
    -208.400     454.935109
    -208.300     454.634163
    -208.200     454.351429
    -208.100     454.086680
    -208.000     453.839665
    -207.900     453.612266
    -207.800     453.401832
    -207.700     453.207845
    -207.600     453.029770
    -207.500     452.867070
    -207.400     452.719215
    -207.300     452.585693
    -207.200     452.466020
    -207.100     452.359752
    -207.000     452.266491
    -206.900     452.183187
    -206.800     452.112498
    -206.700     452.054430
    -206.600     452.009041
    -206.500     451.976431
    -206.400     451.956729
    -206.300     451.950088
    -206.200     451.956670
    -206.100     451.976639
    -206.000     452.010148
    -205.900     452.059386
    -205.800     452.122241
    -205.700     452.198623
    -205.600     452.288416
    -205.500     452.391484
    -205.400     452.507673
    -205.300     452.636818
    -205.200     452.778749
    -205.100     452.933295
    -205.000     453.100290
    -204.900     453.278952
    -204.800     453.469816
    -204.700     453.672821
    -204.600     453.887929
    -204.500     454.115128
    -204.400     454.354429
    -204.300     454.605871
    -204.200     454.869515
    -204.100     455.145447
    -204.000     455.433775
    -203.900     455.734116
    -203.800     456.047196
    -203.700     456.373207
    -203.600     456.712344
    -203.500     457.064800
    -203.400     457.430758
    -203.300     457.810394
    -203.200     458.203864
    -203.100     458.611311
    -203.000     459.032856
    -202.900     459.469190
    -202.800     459.919680
    -202.700     460.384345
    -202.600     460.863197
    -202.500     461.356241
    -202.400     461.863475
    -202.300     462.384891
    -202.200     462.920472
    -202.100     463.470189
    -202.000     464.034000
    -201.900     464.612064
    -201.800     465.204161
    -201.700     465.810145
    -201.600     466.429818
    -201.500     467.062940
    -201.400     467.709220
    -201.300     468.368324
    -201.200     469.039871
    -201.100     469.723444
    -201.000     470.418589
    -200.900     471.123894
    -200.800     471.839781
    -200.700     472.565817
    -200.600     473.301559
    -200.500     474.046555
    -200.400     474.800338
    -200.300     475.562424
    -200.200     476.332308
    -200.100     477.109458
    -200.000     477.893312
    -199.900     478.683776
    -199.800     479.479647
    -199.700     480.280183
    -199.600     481.084592
    -199.500     481.892027
    -199.400     482.701581
    -199.300     483.512283
    -199.200     484.323099
    -199.100     485.132928
    -199.000     485.940596
    -198.900     486.745930
    -198.800     487.546528
    -198.700     488.340908
    -198.600     489.127527
    -198.500     489.904789
    -198.400     490.671065
    -198.300     491.424701
    -198.200     492.164042
    -198.100     492.887443
    -198.000     493.593286
    -197.900     494.277540
    -197.800     494.941325
    -197.700     495.583392
    -197.600     496.202548
    -197.500     496.797635
    -197.400     497.367532
    -197.300     497.911140
    -197.200     498.427369
    -197.100     498.915137
    -197.000     499.373357
    -196.900     499.802940
    -196.800     500.200505
    -196.700     500.564783
    -196.600     500.894532
    -196.500     501.188549
    -196.400     501.445683
    -196.300     501.664842
    -196.200     501.845010
    -196.100     501.985248
    -196.000     502.084705
    -195.900     502.142938
    -195.800     502.159099
    -195.700     502.132559
    -195.600     502.062766
    -195.500     501.949248
    -195.400     501.791625
    -195.300     501.589617
    -195.200     501.343056
    -195.100     501.051895
    -195.000     500.716221
    -194.900     500.333790
    -194.800     499.907582
    -194.700     499.438367
    -194.600     498.927059
    -194.500     498.374712
    -194.400     497.782494
    -194.300     497.151671
    -194.200     496.483588
    -194.100     495.779648
    -194.000     495.041288
    -193.900     494.272373
    -193.800     493.471704
    -193.700     492.640540
    -193.600     491.780153
    -193.500     490.891833
    -193.400     489.976893
    -193.300     489.036675
    -193.200     488.072552
    -193.100     487.085939
    -193.000     486.078291
    -192.900     485.050648
    -192.800     484.005132
    -192.700     482.943360
    -192.600     481.866976
    -192.500     480.777646
    -192.400     479.677056
    -192.300     478.566902
    -192.200     477.448889
    -192.100     476.324725
    -192.000     475.196112
    -191.900     474.063784
    -191.800     472.930513
    -191.700     471.798018
    -191.600     470.667968
    -191.500     469.541975
    -191.400     468.421585
    -191.300     467.308271
    -191.200     466.203430
    -191.100     465.108382
    -191.000     464.024368
    -190.900     462.952670
    -190.800     461.894062
    -190.700     460.849599
    -190.600     459.820305
    -190.500     458.807168
    -190.400     457.811139
    -190.300     456.833131
    -190.200     455.874011
    -190.100     454.934597
    -190.000     454.015645
    -189.900     453.120142
    -189.800     452.246398
    -189.700     451.394729
    -189.600     450.565366
    -189.500     449.758467
    -189.400     448.974137
    -189.300     448.212438
    -189.200     447.473408
    -189.100     446.757079
    -189.000     446.063490
    -188.900     445.388662
    -188.800     444.737021
    -188.700     444.109037
    -188.600     443.505191
    -188.500     442.925962
    -188.400     442.371807
    -188.300     441.843143
    -188.200     441.340333
    -188.100     440.863670
    -188.000     440.413361
    -187.900     439.993176
    -187.800     439.599104
    -187.700     439.230776
    -187.600     438.887763
    -187.500     438.569582
    -187.400     438.275722
    -187.300     438.005649
    -187.200     437.758823
    -187.100     437.534713
    -187.000     437.332801
    -186.900     437.150955
    -186.800     436.990564
    -186.700     436.851327
    -186.600     436.732961
    -186.500     436.635201
    -186.400     436.557802
    -186.300     436.500530
    -186.200     436.463166
    -186.100     436.445501
    -186.000     436.447333
    -185.900     436.468235
    -185.800     436.508268
    -185.700     436.567268
    -185.600     436.645072
    -185.500     436.741508
    -185.400     436.856401
    -185.300     436.989564
    -185.200     437.140798
    -185.100     437.309890
    -185.000     437.496612
    -184.900     437.701300
    -184.800     437.923024
    -184.700     438.161474
    -184.600     438.416341
    -184.500     438.687316
    -184.400     438.974094
    -184.300     439.276375
    -184.200     439.593863
    -184.100     439.926271
    -184.000     440.273315
    -183.900     440.635414
    -183.800     441.011606
    -183.700     441.401557
    -183.600     441.804931
    -183.500     442.221398
    -183.400     442.650640
    -183.300     443.092354
    -183.200     443.546260
    -183.100     444.012109
    -183.000     444.489687
    -182.900     444.976372
    -182.800     445.474640
    -182.700     445.984624
    -182.600     446.506496
    -182.500     447.040461
    -182.400     447.586739
    -182.300     448.145556
    -182.200     448.717129
    -182.100     449.301652
    -182.000     449.899285
    -181.900     450.513338
    -181.800     451.140412
    -181.700     451.780228
    -181.600     452.432456
    -181.500     453.096727
    -181.400     453.772640
    -181.300     454.459773
    -181.200     455.157699
    -181.100     455.865995
    -181.000     456.584256
    -180.900     457.309913
    -180.800     458.045045
    -180.700     458.789522
    -180.600     459.543241
    -180.500     460.306117
    -180.400     461.078083
    -180.300     461.859079
    -180.200     462.649054
    -180.100     463.447956
    -180.000     464.255729
    -179.900     465.072314
    -179.800     465.897538
    -179.700     466.731325
    -179.600     467.573596
    -179.500     468.424263
    -179.400     469.283221
    -179.300     470.150344
    -179.200     471.025479
    -179.100     471.908433
    -179.000     472.798972
    -178.900     473.698513
    -178.800     474.604935
    -178.700     475.517677
    -178.600     476.436124
    -178.500     477.359603
    -178.400     478.287398
    -178.300     479.218758
    -178.200     480.152907
    -178.100     481.089057
    -178.000     482.026418
    -177.900     482.962686
    -177.800     483.898765
    -177.700     484.834036
    -177.600     485.767893
    -177.500     486.699744
    -177.400     487.629004
    -177.300     488.555097
    -177.200     489.477446
    -177.100     490.395475
    -177.000     491.308602
    -176.900     492.215858
    -176.800     493.116994
    -176.700     494.011436
    -176.600     494.898592
    -176.500     495.777851
    -176.400     496.648571
    -176.300     497.510078
    -176.200     498.361654
    -176.100     499.202537
    -176.000     500.031913
    -175.900     500.851060
    -175.800     501.656712
    -175.700     502.447735
    -175.600     503.222978
    -175.500     503.981294
    -175.400     504.721553
    -175.300     505.442666
    -175.200     506.143592
    -175.100     506.823355
    -175.000     507.481055
    -174.900     508.113864
    -174.800     508.723396
    -174.700     509.309126
    -174.600     509.870563
    -174.500     510.407234
    -174.400     510.918674
    -174.300     511.404423
    -174.200     511.864017
    -174.100     512.296988
    -174.000     512.702862
    -173.900     513.081334
    -173.800     513.431518
    -173.700     513.753002
    -173.600     514.045444
    -173.500     514.308575
    -173.400     514.542201
    -173.300     514.746207
    -173.200     514.920549
    -173.100     515.065249
    -173.000     515.180385
    -172.900     515.267596
    -172.800     515.325584
    -172.700     515.354360
    -172.600     515.353929
    -172.500     515.324290
    -172.400     515.265442
    -172.300     515.177390
    -172.200     515.060155
    -172.100     514.913785
    -172.000     514.738366
    -171.900     514.532594
    -171.800     514.298148
    -171.700     514.035452
    -171.600     513.745014
    -171.500     513.427431
    -171.400     513.083378
    -171.300     512.713605
    -171.200     512.318931
    -171.100     511.900228
    -171.000     511.458416
    -170.900     510.994403
    -170.800     510.509263
    -170.700     510.003963
    -170.600     509.479459
    -170.500     508.936688
    -170.400     508.376558
    -170.300     507.799947
    -170.200     507.207697
    -170.100     506.600610
    -170.000     505.979455
    -169.900     505.346174
    -169.800     504.700049
    -169.700     504.041683
    -169.600     503.371686
    -169.500     502.690685
    -169.400     501.999330
    -169.300     501.298296
    -169.200     500.588294
    -169.100     499.870063
    -169.000     499.144377
    -168.900     498.411314
    -168.800     497.672659
    -168.700     496.929273
    -168.600     496.181995
    -168.500     495.431637
    -168.400     494.678975
    -168.300     493.924750
    -168.200     493.169666
    -168.100     492.414394
    -168.000     491.659569
    -167.900     490.904828
    -167.800     490.151646
    -167.700     489.400701
    -167.600     488.652668
    -167.500     487.908221
    -167.400     487.168021
    -167.300     486.432711
    -167.200     485.702910
    -167.100     484.979204
    -167.000     484.262134
    -166.900     483.554337
    -166.800     482.853991
    -166.700     482.161285
    -166.600     481.476355
    -166.500     480.799294
    -166.400     480.130161
    -166.300     479.468991
    -166.200     478.815808
    -166.100     478.170631
    -166.000     477.533490
    -165.900     476.902796
    -165.800     476.280402
    -165.700     475.666537
    -165.600     475.061445
    -165.500     474.465386
    -165.400     473.878628
    -165.300     473.301446
    -165.200     472.734112
    -165.100     472.176895
    -165.000     471.630052
    -164.900     471.093833
    -164.800     470.568450
    -164.700     470.054099
    -164.600     469.550946
    -164.500     469.059121
    -164.400     468.578716
    -164.300     468.109784
    -164.200     467.652335
    -164.100     467.206336
    -164.000     466.771715
    -163.900     466.349597
    -163.800     465.938435
    -163.700     465.537963
    -163.600     465.147914
    -163.500     464.768024
    -163.400     464.398044
    -163.300     464.037746
    -163.200     463.686931
    -163.100     463.345429
    -163.000     463.013110
    -162.900     462.688702
    -162.800     462.373508
    -162.700     462.067583
    -162.600     461.770991
    -162.500     461.483798
    -162.400     461.206071
    -162.300     460.937867
    -162.200     460.679234
    -162.100     460.430208
    -162.000     460.190805
    -161.900     459.961154
    -161.800     459.741049
    -161.700     459.530460
    -161.600     459.329346
    -161.500     459.137662
    -161.400     458.955352
    -161.300     458.782352
    -161.200     458.618589
    -161.100     458.463979
    -161.000     458.318429
    -160.900     458.182686
    -160.800     458.055717
    -160.700     457.937326
    -160.600     457.827318
    -160.500     457.725499
    -160.400     457.631682
    -160.300     457.545689
    -160.200     457.467361
    -160.100     457.396554
    -160.000     457.333149
    -159.900     457.276148
    -159.800     457.226480
    -159.700     457.184171
    -159.600     457.149260
    -159.500     457.121802
    -159.400     457.101862
    -159.300     457.089509
    -159.200     457.084819
    -159.100     457.087867
    -159.000     457.098725
    -158.900     457.117437
    -158.800     457.144076
    -158.700     457.178699
    -158.600     457.221355
    -158.500     457.272082
    -158.400     457.330904
    -158.300     457.397831
    -158.200     457.472856
    -158.100     457.555955
    -158.000     457.647083
    -157.900     457.747318
    -157.800     457.855328
    -157.700     457.970926
    -157.600     458.093921
    -157.500     458.224122
    -157.400     458.361348
    -157.300     458.505432
    -157.200     458.656224
    -157.100     458.813598
    -157.000     458.977456
    -156.900     459.146319
    -156.800     459.321737
    -156.700     459.503806
    -156.600     459.692631
    -156.500     459.888319
    -156.400     460.090978
    -156.300     460.300704
    -156.200     460.517583
    -156.100     460.741685
    -156.000     460.973057
    -155.900     461.212224
    -155.800     461.458559
    -155.700     461.712022
    -155.600     461.972565
    -155.500     462.240138
    -155.400     462.514686
    -155.300     462.796149
    -155.200     463.084460
    -155.100     463.379545
    -155.000     463.681320
    -154.900     463.990470
    -154.800     464.306112
    -154.700     464.628031
    -154.600     464.955985
    -154.500     465.289703
    -154.400     465.628899
    -154.300     465.973267
    -154.200     466.322491
    -154.100     466.676253
    -154.000     467.034237
    -153.900     467.395070
    -153.800     467.759585
    -153.700     468.127602
    -153.600     468.498961
    -153.500     468.873520
    -153.400     469.251149
    -153.300     469.631734
    -153.200     470.015168
    -153.100     470.401346
    -153.000     470.790164
    -152.900     471.181302
    -152.800     471.574853
    -152.700     471.970699
    -152.600     472.368698
    -152.500     472.768679
    -152.400     473.170433
    -152.300     473.573710
    -152.200     473.978210
    -152.100     474.383581
    -152.000     474.789416
    -151.900     475.197301
    -151.800     475.604468
    -151.700     476.010181
    -151.600     476.413685
    -151.500     476.814224
    -151.400     477.211054
    -151.300     477.603464
    -151.200     477.990787
    -151.100     478.372416
    -151.000     478.747812
    -150.900     479.113755
    -150.800     479.472978
    -150.700     479.825369
    -150.600     480.170833
    -150.500     480.509282
    -150.400     480.840609
    -150.300     481.164681
    -150.200     481.481319
    -150.100     481.790290
    -150.000     482.091297
    -149.900     482.385623
    -149.800     482.670855
    -149.700     482.946403
    -149.600     483.211671
    -149.500     483.466065
    -149.400     483.709006
    -149.300     483.939941
    -149.200     484.158349
    -149.100     484.363749
    -149.000     484.555699
    -148.900     484.734036
    -148.800     484.898298
    -148.700     485.048110
    -148.600     485.183108
    -148.500     485.302940
    -148.400     485.407265
    -148.300     485.495760
    -148.200     485.568118
    -148.100     485.624056
    -148.000     485.663320
    -147.900     485.684634
    -147.800     485.688912
    -147.700     485.676111
    -147.600     485.646231
    -147.500     485.599317
    -147.400     485.535449
    -147.300     485.454741
    -147.200     485.357338
    -147.100     485.243406
    -147.000     485.113132
    -146.900     484.966908
    -146.800     484.804739
    -146.700     484.626822
    -146.600     484.433360
    -146.500     484.224554
    -146.400     484.000606
    -146.300     483.761719
    -146.200     483.508096
    -146.100     483.239942
    -146.000     482.957467
    -145.900     482.662019
    -145.800     482.352526
    -145.700     482.029158
    -145.600     481.692128
    -145.500     481.341701
    -145.400     480.978199
    -145.300     480.602006
    -145.200     480.213570
    -145.100     479.813403
    -145.000     479.402076
    -144.900     478.978996
    -144.800     478.546352
    -144.700     478.104922
    -144.600     477.655475
    -144.500     477.198760
    -144.400     476.735502
    -144.300     476.266387
    -144.200     475.792070
    -144.100     475.313164
    -144.000     474.830250
    -143.900     474.343662
    -143.800     473.853942
    -143.700     473.361660
    -143.600     472.867404
    -143.500     472.371785
    -143.400     471.875431
    -143.300     471.378992
    -143.200     470.883127
    -143.100     470.388504
    -143.000     469.895791
    -142.900     469.407469
    -142.800     468.922312
    -142.700     468.440760
    -142.600     467.963224
    -142.500     467.490087
    -142.400     467.021715
    -142.300     466.558460
    -142.200     466.100670
    -142.100     465.648696
    -142.000     465.202897
    -141.900     464.761560
    -141.800     464.327373
    -141.700     463.900913
    -141.600     463.482751
    -141.500     463.073448
    -141.400     462.673544
    -141.300     462.283549
    -141.200     461.903938
    -141.100     461.535145
    -141.000     461.177560
    -140.900     460.832363
    -140.800     460.498832
    -140.700     460.177171
    -140.600     459.867562
    -140.500     459.570174
    -140.400     459.285158
    -140.300     459.012657
    -140.200     458.752802
    -140.100     458.505716
    -140.000     458.271509
    -139.900     458.050949
    -139.800     457.843471
    -139.700     457.649080
    -139.600     457.467760
    -139.500     457.299482
    -139.400     457.144199
    -139.300     457.001860
    -139.200     456.872405
    -139.100     456.755775
    -139.000     456.651914
    -138.900     456.559718
    -138.800     456.480294
    -138.700     456.413692
    -138.600     456.359961
    -138.500     456.319150
    -138.400     456.291302
    -138.300     456.276448
    -138.200     456.274611
    -138.100     456.285797
    -138.000     456.309998
    -137.900     456.347083
    -137.800     456.397084
    -137.700     456.459956
    -137.600     456.535638
    -137.500     456.624049
    -137.400     456.725095
    -137.300     456.838658
    -137.200     456.964601
    -137.100     457.102764
    -137.000     457.252965
    -136.900     457.417052
    -136.800     457.592565
    -136.700     457.779093
    -136.600     457.976228
    -136.500     458.183574
    -136.400     458.400755
    -136.300     458.627432
    -136.200     458.863305
    -136.100     459.108129
    -136.000     459.361711
    -135.900     459.620419
    -135.800     459.888049
    -135.700     460.164864
    -135.600     460.451149
    -135.500     460.747201
    -135.400     461.053304
    -135.300     461.369727
    -135.200     461.696699
    -135.100     462.034407
    -135.000     462.382980
    -134.900     462.745981
    -134.800     463.119536
    -134.700     463.503316
    -134.600     463.896959
    -134.500     464.300089
    -134.400     464.712323
    -134.300     465.133286
    -134.200     465.562624
    -134.100     466.000013
    -134.000     466.445167
    -133.900     466.895782
    -133.800     467.353979
    -133.700     467.819784
    -133.600     468.293256
    -133.500     468.774483
    -133.400     469.263578
    -133.300     469.760668
    -133.200     470.265897
    -133.100     470.779410
    -133.000     471.301356
    -132.900     471.832169
    -132.800     472.371650
    -132.700     472.919906
    -132.600     473.477031
    -132.500     474.043105
    -132.400     474.618192
    -132.300     475.202338
    -132.200     475.795569
    -132.100     476.397887
    -132.000     477.009273
    -131.900     477.630124
    -131.800     478.259856
    -131.700     478.898349
    -131.600     479.545468
    -131.500     480.201067
    -131.400     480.864987
    -131.300     481.537061
    -131.200     482.217111
    -131.100     482.904950
    -131.000     483.600380
    -130.900     484.303717
    -130.800     485.014256
    -130.700     485.731700
    -130.600     486.455721
    -130.500     487.185973
    -130.400     487.922086
    -130.300     488.663676
    -130.200     489.410349
    -130.100     490.161705
    -130.000     490.917345
    -129.900     491.674510
    -129.800     492.435305
    -129.700     493.199565
    -129.600     493.967130
    -129.500     494.737827
    -129.400     495.511457
    -129.300     496.287780
    -129.200     497.066496
    -129.100     497.847234
    -129.000     498.629533
    -128.900     499.416122
    -128.800     500.202732
    -128.700     500.988312
    -128.600     501.771732
    -128.500     502.551799
    -128.400     503.327274
    -128.300     504.096893
    -128.200     504.859381
    -128.100     505.613472
    -128.000     506.357924
    -127.900     507.089406
    -127.800     507.809217
    -127.700     508.516378
    -127.600     509.209910
    -127.500     509.888825
    -127.400     510.552116
    -127.300     511.198753
    -127.200     511.827677
    -127.100     512.437794
    -127.000     513.027976
    -126.900     513.596827
    -126.800     514.143234
    -126.700     514.666030
    -126.600     515.164057
    -126.500     515.636161
    -126.400     516.081203
    -126.300     516.498050
    -126.200     516.885582
    -126.100     517.242690
    -126.000     517.568273
    -125.900     517.862740
    -125.800     518.123421
    -125.700     518.349110
    -125.600     518.538621
    -125.500     518.690800
    -125.400     518.804534
    -125.300     518.878768
    -125.200     518.912512
    -125.100     518.904853
    -125.000     518.854964
    -124.900     518.761580
    -124.800     518.624712
    -124.700     518.443873
    -124.600     518.218674
    -124.500     517.948828
    -124.400     517.634149
    -124.300     517.274558
    -124.200     516.870078
    -124.100     516.420842
    -124.000     515.927084
    -123.900     515.387898
    -123.800     514.805094
    -123.700     514.179319
    -123.600     513.511298
    -123.500     512.801828
    -123.400     512.051762
    -123.300     511.262004
    -123.200     510.433498
    -123.100     509.567222
    -123.000     508.664186
    -122.900     507.727197
    -122.800     506.755244
    -122.700     505.749307
    -122.600     504.710435
    -122.500     503.639764
    -122.400     502.538518
    -122.300     501.408013
    -122.200     500.249662
    -122.100     499.064972
    -122.000     497.855537
    -121.900     496.622325
    -121.800     495.368042
    -121.700     494.094506
    -121.600     492.803544
    -121.500     491.496981
    -121.400     490.176627
    -121.300     488.844268
    -121.200     487.501663
    -121.100     486.150539
    -121.000     484.792585
    -120.900     483.428814
    -120.800     482.061433
    -120.700     480.692103
    -120.600     479.322464
    -120.500     477.954125
    -120.400     476.588667
    -120.300     475.227627
    -120.200     473.872503
    -120.100     472.524743
    -120.000     471.185741
    -119.900     469.857831
    -119.800     468.541197
    -119.700     467.236970
    -119.600     465.946224
    -119.500     464.669986
    -119.400     463.409232
    -119.300     462.164898
    -119.200     460.937875
    -119.100     459.729020
    -119.000     458.539154
    -118.900     457.368818
    -118.800     456.219077
    -118.700     455.090659
    -118.600     453.984247
    -118.500     452.900482
    -118.400     451.839963
    -118.300     450.803248
    -118.200     449.790850
    -118.100     448.803245
    -118.000     447.840864
    -117.900     446.903298
    -117.800     445.991780
    -117.700     445.106685
    -117.600     444.248337
    -117.500     443.417001
    -117.400     442.612882
    -117.300     441.836121
    -117.200     441.086796
    -117.100     440.364925
    -117.000     439.670461
    -116.900     439.004611
    -116.800     438.365708
    -116.700     437.753472
    -116.600     437.167614
    -116.500     436.607845
    -116.400     436.073892
    -116.300     435.565497
    -116.200     435.082430
    -116.100     434.624488
    -116.000     434.191496
    -115.900     433.782118
    -115.800     433.397639
    -115.700     433.038029
    -115.600     432.703245
    -115.500     432.393223
    -115.400     432.107878
    -115.300     431.847090
    -115.200     431.610709
    -115.100     431.398549
    -115.000     431.210390
    -114.900     431.046927
    -114.800     430.906787
    -114.700     430.789598
    -114.600     430.694983
    -114.500     430.622564
    -114.400     430.571969
    -114.300     430.542835
    -114.200     430.534816
    -114.100     430.547587
    -114.000     430.580846
    -113.900     430.633244
    -113.800     430.705696
    -113.700     430.798067
    -113.600     430.910246
    -113.500     431.042142
    -113.400     431.193677
    -113.300     431.364784
    -113.200     431.555402
    -113.100     431.765469
    -113.000     431.994919
    -112.900     432.245281
    -112.800     432.514750
    -112.700     432.803092
    -112.600     433.110067
    -112.500     433.435430
    -112.400     433.778942
    -112.300     434.140373
    -112.200     434.519510
    -112.100     434.916160
    -112.000     435.330162
    -111.900     435.759172
    -111.800     436.205496
    -111.700     436.669259
    -111.600     437.150611
    -111.500     437.649714
    -111.400     438.166738
    -111.300     438.701845
    -111.200     439.255184
    -111.100     439.826877
    -111.000     440.417014
    -110.900     441.028058
    -110.800     441.657369
    -110.700     442.304705
    -110.600     442.969793
    -110.500     443.652337
    -110.400     444.352024
    -110.300     445.068540
    -110.200     445.801570
    -110.100     446.550813
    -110.000     447.315989
    -109.900     448.094981
    -109.800     448.889622
    -109.700     449.699866
    -109.600     450.525677
    -109.500     451.367025
    -109.400     452.223875
    -109.300     453.096177
    -109.200     453.983862
    -109.100     454.886827
    -109.000     455.804929
    -108.900     456.738739
    -108.800     457.687157
    -108.700     458.649818
    -108.600     459.626306
    -108.500     460.616150
    -108.400     461.618826
    -108.300     462.633756
    -108.200     463.660315
    -108.100     464.697825
    -108.000     465.745567
    -107.900     466.802807
    -107.800     467.868681
    -107.700     468.942351
    -107.600     470.022955
    -107.500     471.109604
    -107.400     472.201388
    -107.300     473.297378
    -107.200     474.396623
    -107.100     475.498155
    -107.000     476.600985
    -106.900     477.704479
    -106.800     478.807300
    -106.700     479.908338
    -106.600     481.006443
    -106.500     482.100426
    -106.400     483.189060
    -106.300     484.271085
    -106.200     485.345214
    -106.100     486.410136
    -106.000     487.464525
    -105.900     488.505289
    -105.800     489.532916
    -105.700     490.546230
    -105.600     491.544055
    -105.500     492.525208
    -105.400     493.488493
    -105.300     494.432692
    -105.200     495.356563
    -105.100     496.258833
    -105.000     497.138198
    -104.900     497.995796
    -104.800     498.827475
    -104.700     499.631667
    -104.600     500.406838
    -104.500     501.151516
    -104.400     501.864311
    -104.300     502.543935
    -104.200     503.189215
    -104.100     503.799110
    -104.000     504.372713
    -103.900     504.907939
    -103.800     505.405838
    -103.700     505.865953
    -103.600     506.287880
    -103.500     506.671266
    -103.400     507.015791
    -103.300     507.321167
    -103.200     507.587132
    -103.100     507.813453
    -103.000     507.999925
    -102.900     508.145780
    -102.800     508.251378
    -102.700     508.316762
    -102.600     508.342064
    -102.500     508.327513
    -102.400     508.273432
    -102.300     508.180239
    -102.200     508.048446
    -102.100     507.878648
    -102.000     507.671528
    -101.900     507.429025
    -101.800     507.150639
    -101.700     506.837170
    -101.600     506.489497
    -101.500     506.108585
    -101.400     505.695477
    -101.300     505.251293
    -101.200     504.777230
    -101.100     504.274549
    -101.000     503.744574
    -100.900     503.188552
    -100.800     502.608172
    -100.700     502.004856
    -100.600     501.380019
    -100.500     500.735066
    -100.400     500.071380
    -100.300     499.390326
    -100.200     498.693242
    -100.100     497.981443
    -100.000     497.256221
     -99.900     496.518047
     -99.800     495.769012
     -99.700     495.010427
     -99.600     494.243587
     -99.500     493.469767
     -99.400     492.690221
     -99.300     491.906183
     -99.200     491.118864
     -99.100     490.329449
     -99.000     489.539100
     -98.900     488.749142
     -98.800     487.960354
     -98.700     487.173838
     -98.600     486.390696
     -98.500     485.612020
     -98.400     484.838892
     -98.300     484.072374
     -98.200     483.313498
     -98.100     482.563258
     -98.000     481.822601
     -97.900     481.094033
     -97.800     480.376800
     -97.700     479.671466
     -97.600     478.978496
     -97.500     478.298269
     -97.400     477.631082
     -97.300     476.977170
     -97.200     476.336713
     -97.100     475.709856
     -97.000     475.096724
     -96.900     474.494246
     -96.800     473.905889
     -96.700     473.332086
     -96.600     472.773284
     -96.500     472.229940
     -96.400     471.702505
     -96.300     471.191411
     -96.200     470.697062
     -96.100     470.219817
     -96.000     469.759983
     -95.900     469.321191
     -95.800     468.899920
     -95.700     468.495985
     -95.600     468.109154
     -95.500     467.739156
     -95.400     467.385700
     -95.300     467.048483
     -95.200     466.727200
     -95.100     466.421559
     -95.000     466.131287
     -94.900     465.853945
     -94.800     465.591782
     -94.700     465.344771
     -94.600     465.112885
     -94.500     464.896092
     -94.400     464.694349
     -94.300     464.507593
     -94.200     464.335742
     -94.100     464.178689
     -94.000     464.036301
     -93.900     463.908999
     -93.800     463.795901
     -93.700     463.696769
     -93.600     463.611357
     -93.500     463.539414
     -93.400     463.480686
     -93.300     463.434920
     -93.200     463.401862
     -93.100     463.381263
     -93.000     463.372875
     -92.900     463.376770
     -92.800     463.392362
     -92.700     463.419398
     -92.600     463.457639
     -92.500     463.506861
     -92.400     463.566858
     -92.300     463.637439
     -92.200     463.718431
     -92.100     463.809679
     -92.000     463.911042
     -91.900     464.022347
     -91.800     464.143596
     -91.700     464.274667
     -91.600     464.415434
     -91.500     464.565763
     -91.400     464.725516
     -91.300     464.894544
     -91.200     465.072697
     -91.100     465.259822
     -91.000     465.455770
     -90.900     465.659346
     -90.800     465.871488
     -90.700     466.092168
     -90.600     466.321373
     -90.500     466.559098
     -90.400     466.805347
     -90.300     467.060124
     -90.200     467.323427
     -90.100     467.595245
     -90.000     467.875552
     -89.900     468.166521
     -89.800     468.465675
     -89.700     468.772738
     -89.600     469.087417
     -89.500     469.409420
     -89.400     469.738460
     -89.300     470.074263
     -89.200     470.416582
     -89.100     470.765197
     -89.000     471.119929
     -88.900     471.477888
     -88.800     471.842020
     -88.700     472.212489
     -88.600     472.589476
     -88.500     472.973161
     -88.400     473.363715
     -88.300     473.761289
     -88.200     474.165996
     -88.100     474.577907
     -88.000     474.997040
     -87.900     475.425602
     -87.800     475.860961
     -87.700     476.302775
     -87.600     476.750669
     -87.500     477.204243
     -87.400     477.663080
     -87.300     478.126755
     -87.200     478.594848
     -87.100     479.066947
     -87.000     479.542659
     -86.900     480.020625
     -86.800     480.501639
     -86.700     480.985455
     -86.600     481.471836
     -86.500     481.960553
     -86.400     482.451379
     -86.300     482.944083
     -86.200     483.438428
     -86.100     483.934167
     -86.000     484.431034
     -85.900     484.928730
     -85.800     485.426969
     -85.700     485.925412
     -85.600     486.423683
     -85.500     486.921374
     -85.400     487.418036
     -85.300     487.913189
     -85.200     488.406313
     -85.100     488.896858
     -85.000     489.384243
     -84.900     489.867619
     -84.800     490.346514
     -84.700     490.820326
     -84.600     491.288456
     -84.500     491.750311
     -84.400     492.205309
     -84.300     492.652871
     -84.200     493.092429
     -84.100     493.523416
     -84.000     493.945266
     -83.900     494.358970
     -83.800     494.762373
     -83.700     495.154736
     -83.600     495.535306
     -83.500     495.903321
     -83.400     496.258015
     -83.300     496.598635
     -83.200     496.924444
     -83.100     497.234731
     -83.000     497.528822
     -82.900     497.803630
     -82.800     498.061243
     -82.700     498.301330
     -82.600     498.523588
     -82.500     498.727728
     -82.400     498.913467
     -82.300     499.080516
     -82.200     499.228569
     -82.100     499.357299
     -82.000     499.466353
     -81.900     499.557222
     -81.800     499.627334
     -81.700     499.676122
     -81.600     499.703042
     -81.500     499.707580
     -81.400     499.689269
     -81.300     499.647696
     -81.200     499.582515
     -81.100     499.493451
     -81.000     499.380306
     -80.900     499.242380
     -80.800     499.080347
     -80.700     498.894263
     -80.600     498.684238
     -80.500     498.450430
     -80.400     498.193042
     -80.300     497.912318
     -80.200     497.608536
     -80.100     497.282002
     -80.000     496.933050
     -79.900     496.562175
     -79.800     496.169655
     -79.700     495.755860
     -79.600     495.321159
     -79.500     494.865925
     -79.400     494.390532
     -79.300     493.895357
     -79.200     493.380786
     -79.100     492.847221
     -79.000     492.295079
     -78.900     491.723882
     -78.800     491.134987
     -78.700     490.529020
     -78.600     489.906665
     -78.500     489.268660
     -78.400     488.615791
     -78.300     487.948887
     -78.200     487.268807
     -78.100     486.576430
     -78.000     485.872645
     -77.900     485.160262
     -77.800     484.438124
     -77.700     483.706905
     -77.600     482.967261
     -77.500     482.219830
     -77.400     481.465244
     -77.300     480.704132
     -77.200     479.937129
     -77.100     479.164884
     -77.000     478.388065
     -76.900     477.605259
     -76.800     476.819523
     -76.700     476.031771
     -76.600     475.242921
     -76.500     474.453877
     -76.400     473.665524
     -76.300     472.878716
     -76.200     472.094263
     -76.100     471.312932
     -76.000     470.535433
     -75.900     469.763906
     -75.800     468.997243
     -75.700     468.235884
     -75.600     467.480241
     -75.500     466.730712
     -75.400     465.987686
     -75.300     465.251554
     -75.200     464.522714
     -75.100     463.801577
     -75.000     463.088571
     -74.900     462.383304
     -74.800     461.687202
     -74.700     461.000809
     -74.600     460.324672
     -74.500     459.659329
     -74.400     459.005309
     -74.300     458.363115
     -74.200     457.733226
     -74.100     457.116083
     -74.000     456.512089
     -73.900     455.922450
     -73.800     455.346593
     -73.700     454.784694
     -73.600     454.236871
     -73.500     453.703197
     -73.400     453.183699
     -73.300     452.678370
     -73.200     452.187176
     -73.100     451.710063
     -73.000     451.246973
     -72.900     450.796381
     -72.800     450.359723
     -72.700     449.937110
     -72.600     449.528687
     -72.500     449.134625
     -72.400     448.755119
     -72.300     448.390383
     -72.200     448.040642
     -72.100     447.706121
     -72.000     447.387038
     -71.900     447.085537
     -71.800     446.799773
     -71.700     446.529707
     -71.600     446.275266
     -71.500     446.036338
     -71.400     445.812779
     -71.300     445.604421
     -71.200     445.411076
     -71.100     445.232544
     -71.000     445.068618
     -70.900     444.917386
     -70.800     444.780496
     -70.700     444.657905
     -70.600     444.549576
     -70.500     444.455472
     -70.400     444.375555
     -70.300     444.309783
     -70.200     444.258105
     -70.100     444.220463
     -70.000     444.196786
     -69.900     444.187956
     -69.800     444.192781
     -69.700     444.211086
     -69.600     444.242699
     -69.500     444.287455
     -69.400     444.345198
     -69.300     444.415785
     -69.200     444.499084
     -69.100     444.594981
     -69.000     444.703371
     -68.900     444.823702
     -68.800     444.956432
     -68.700     445.101517
     -68.600     445.258916
     -68.500     445.428581
     -68.400     445.610458
     -68.300     445.804480
     -68.200     446.010568
     -68.100     446.228627
     -68.000     446.458544
     -67.900     446.700902
     -67.800     446.954804
     -67.700     447.220017
     -67.600     447.496289
     -67.500     447.783355
     -67.400     448.080939
     -67.300     448.388759
     -67.200     448.706537
     -67.100     449.034004
     -67.000     449.370903
     -66.900     449.715418
     -66.800     450.068991
     -66.700     450.431583
     -66.600     450.803187
     -66.500     451.183815
     -66.400     451.573500
     -66.300     451.972275
     -66.200     452.380176
     -66.100     452.797222
     -66.000     453.223410
     -65.900     453.661127
     -65.800     454.107709
     -65.700     454.562828
     -65.600     455.026120
     -65.500     455.497192
     -65.400     455.975631
     -65.300     456.461020
     -65.200     456.952942
     -65.100     457.450993
     -65.000     457.954796
     -64.900     458.461437
     -64.800     458.973427
     -64.700     459.490706
     -64.600     460.013230
     -64.500     460.540967
     -64.400     461.073882
     -64.300     461.611929
     -64.200     462.155041
     -64.100     462.703121
     -64.000     463.256037
     -63.900     463.815421
     -63.800     464.378995
     -63.700     464.946359
     -63.600     465.517096
     -63.500     466.090780
     -63.400     466.666988
     -63.300     467.245303
     -63.200     467.825324
     -63.100     468.406669
     -63.000     468.988982
     -62.900     469.571266
     -62.800     470.154031
     -62.700     470.737042
     -62.600     471.320069
     -62.500     471.902886
     -62.400     472.485264
     -62.300     473.066968
     -62.200     473.647753
     -62.100     474.227361
     -62.000     474.805520
     -61.900     475.382008
     -61.800     475.956435
     -61.700     476.528470
     -61.600     477.097767
     -61.500     477.663965
     -61.400     478.226690
     -61.300     478.785560
     -61.200     479.340184
     -61.100     479.890172
     -61.000     480.435133
     -60.900     480.974203
     -60.800     481.507459
     -60.700     482.034601
     -60.600     482.555359
     -60.500     483.069493
     -60.400     483.576789
     -60.300     484.077062
     -60.200     484.570147
     -60.100     485.055897
     -60.000     485.534179
     -59.900     486.006224
     -59.800     486.470506
     -59.700     486.926765
     -59.600     487.374730
     -59.500     487.814125
     -59.400     488.244672
     -59.300     488.666091
     -59.200     489.078109
     -59.100     489.480464
     -59.000     489.872907
     -58.900     490.253632
     -58.800     490.624178
     -58.700     490.984482
     -58.600     491.334486
     -58.500     491.674129
     -58.400     492.003346
     -58.300     492.322063
     -58.200     492.630192
     -58.100     492.927639
     -58.000     493.214298
     -57.900     493.490675
     -57.800     493.755823
     -57.700     494.009621
     -57.600     494.251993
     -57.500     494.482916
     -57.400     494.702419
     -57.300     494.910585
     -57.200     495.107549
     -57.100     495.293487
     -57.000     495.468613
     -56.900     495.633968
     -56.800     495.789102
     -56.700     495.934160
     -56.600     496.069257
     -56.500     496.194475
     -56.400     496.309866
     -56.300     496.415454
     -56.200     496.511239
     -56.100     496.597202
     -56.000     496.673317
     -55.900     496.738249
     -55.800     496.793339
     -55.700     496.838705
     -55.600     496.874485
     -55.500     496.900840
     -55.400     496.917946
     -55.300     496.925998
     -55.200     496.925207
     -55.100     496.915794
     -55.000     496.897993
     -54.900     496.872564
     -54.800     496.839131
     -54.700     496.797912
     -54.600     496.749140
     -54.500     496.693065
     -54.400     496.629949
     -54.300     496.560064
     -54.200     496.483691
     -54.100     496.401117
     -54.000     496.312624
     -53.900     496.219010
     -53.800     496.120033
     -53.700     496.015895
     -53.600     495.906780
     -53.500     495.792850
     -53.400     495.674250
     -53.300     495.551109
     -53.200     495.423541
     -53.100     495.291649
     -53.000     495.155526
     -52.900     495.014875
     -52.800     494.870249
     -52.700     494.721753
     -52.600     494.569483
     -52.500     494.413529
     -52.400     494.253975
     -52.300     494.090908
     -52.200     493.924417
     -52.100     493.754600
     -52.000     493.581567
     -51.900     493.404308
     -51.800     493.224074
     -51.700     493.041165
     -51.600     492.855917
     -51.500     492.668695
     -51.400     492.479886
     -51.300     492.289882
     -51.200     492.099074
     -51.100     491.907831
     -51.000     491.716493
     -50.900     491.528277
     -50.800     491.340369
     -50.700     491.152675
     -50.600     490.965042
     -50.500     490.777263
     -50.400     490.589096
     -50.300     490.400276
     -50.200     490.210531
     -50.100     490.019599
     -50.000     489.827244
     -49.900     489.629734
     -49.800     489.430707
     -49.700     489.230375
     -49.600     489.028997
     -49.500     488.826871
     -49.400     488.624319
     -49.300     488.421676
     -49.200     488.219277
     -49.100     488.017447
     -49.000     487.816485
     -48.900     487.619368
     -48.800     487.423348
     -48.700     487.228385
     -48.600     487.034409
     -48.500     486.841331
     -48.400     486.649051
     -48.300     486.457462
     -48.200     486.266459
     -48.100     486.075947
     -48.000     485.885844
     -47.900     485.694771
     -47.800     485.504163
     -47.700     485.314095
     -47.600     485.124653
     -47.500     484.935923
     -47.400     484.747989
     -47.300     484.560932
     -47.200     484.374824
     -47.100     484.189725
     -47.000     484.005684
     -46.900     483.823239
     -46.800     483.641855
     -46.700     483.461495
     -46.600     483.282112
     -46.500     483.103646
     -46.400     482.926033
     -46.300     482.749206
     -46.200     482.573100
     -46.100     482.397652
     -46.000     482.222812
     -45.900     482.047789
     -45.800     481.873307
     -45.700     481.699441
     -45.600     481.526292
     -45.500     481.353992
     -45.400     481.182692
     -45.300     481.012565
     -45.200     480.843794
     -45.100     480.676570
     -45.000     480.511078
     -44.900     480.349059
     -44.800     480.189086
     -44.700     480.031141
     -44.600     479.875167
     -44.500     479.721066
     -44.400     479.568710
     -44.300     479.417941
     -44.200     479.268584
     -44.100     479.120453
     -44.000     478.973361
     -43.900     478.825080
     -43.800     478.677604
     -43.700     478.530991
     -43.600     478.385330
     -43.500     478.240737
     -43.400     478.097355
     -43.300     477.955345
     -43.200     477.814883
     -43.100     477.676147
     -43.000     477.539319
     -42.900     477.406183
     -42.800     477.275145
     -42.700     477.146215
     -42.600     477.019392
     -42.500     476.894669
     -42.400     476.772033
     -42.300     476.651472
     -42.200     476.532971
     -42.100     476.416518
     -42.000     476.302108
     -41.900     476.189228
     -41.800     476.078488
     -41.700     475.969930
     -41.600     475.863590
     -41.500     475.759496
     -41.400     475.657668
     -41.300     475.558117
     -41.200     475.460849
     -41.100     475.365860
     -41.000     475.273144
     -40.900     475.182284
     -40.800     475.093688
     -40.700     475.007381
     -40.600     474.923391
     -40.500     474.841748
     -40.400     474.762483
     -40.300     474.685625
     -40.200     474.611205
     -40.100     474.539254
     -40.000     474.469800
     -39.900     474.403313
     -39.800     474.339281
     -39.700     474.277708
     -39.600     474.218610
     -39.500     474.162018
     -39.400     474.107977
     -39.300     474.056543
     -39.200     474.007783
     -39.100     473.961771
     -39.000     473.918586
     -38.900     473.878582
     -38.800     473.841644
     -38.700     473.807779
     -38.600     473.776961
     -38.500     473.749127
     -38.400     473.724183
     -38.300     473.702001
     -38.200     473.682430
     -38.100     473.665296
     -38.000     473.650412
     -37.900     473.636574
     -37.800     473.624587
     -37.700     473.614378
     -37.600     473.605899
     -37.500     473.599128
     -37.400     473.594068
     -37.300     473.590742
     -37.200     473.589189
     -37.100     473.589462
     -37.000     473.591619
     -36.900     473.596719
     -36.800     473.603768
     -36.700     473.612720
     -36.600     473.623512
     -36.500     473.636072
     -36.400     473.650310
     -36.300     473.666121
     -36.200     473.683389
     -36.100     473.701982
     -36.000     473.721758
     -35.900     473.742372
     -35.800     473.763899
     -35.700     473.786173
     -35.600     473.809010
     -35.500     473.832213
     -35.400     473.855571
     -35.300     473.878865
     -35.200     473.901867
     -35.100     473.924344
     -35.000     473.946067
     -34.900     473.966009
     -34.800     473.984765
     -34.700     474.002200
     -34.600     474.018195
     -34.500     474.032641
     -34.400     474.045437
     -34.300     474.056488
     -34.200     474.065701
     -34.100     474.072981
     -34.000     474.078226
     -33.900     474.082388
     -33.800     474.084175
     -33.700     474.083366
     -33.600     474.079743
     -33.500     474.073087
     -33.400     474.063191
     -33.300     474.049853
     -33.200     474.032885
     -33.100     474.012111
     -33.000     473.987366
     -32.900     473.958326
     -32.800     473.925151
     -32.700     473.887694
     -32.600     473.845782
     -32.500     473.799220
     -32.400     473.747792
     -32.300     473.691257
     -32.200     473.629354
     -32.100     473.561809
     -32.000     473.488343
     -31.900     473.407469
     -31.800     473.320075
     -31.700     473.226043
     -31.600     473.125299
     -31.500     473.017815
     -31.400     472.903607
     -31.300     472.782732
     -31.200     472.655279
     -31.100     472.521368
     -31.000     472.381134
     -30.900     472.236524
     -30.800     472.085786
     -30.700     471.928889
     -30.600     471.765798
     -30.500     471.596466
     -30.400     471.420847
     -30.300     471.238895
     -30.200     471.050572
     -30.100     470.855851
     -30.000     470.654721
     -29.900     470.446094
     -29.800     470.231245
     -29.700     470.010321
     -29.600     469.783480
     -29.500     469.550890
     -29.400     469.312722
     -29.300     469.069153
     -29.200     468.820360
     -29.100     468.566522
     -29.000     468.307816
     -28.900     468.044610
     -28.800     467.776853
     -28.700     467.504716
     -28.600     467.228378
     -28.500     466.948029
     -28.400     466.663873
     -28.300     466.376133
     -28.200     466.085049
     -28.100     465.790885
     -28.000     465.493929
     -27.900     465.194042
     -27.800     464.891957
     -27.700     464.588106
     -27.600     464.282963
     -27.500     463.977037
     -27.400     463.670860
     -27.300     463.364984
     -27.200     463.059962
     -27.100     462.756340
     -27.000     462.454640
     -26.900     462.157232
     -26.800     461.862699
     -26.700     461.571233
     -26.600     461.282955
     -26.500     460.997924
     -26.400     460.716152
     -26.300     460.437614
     -26.200     460.162270
     -26.100     459.890078
     -26.000     459.621018
     -25.900     459.352052
     -25.800     459.086408
     -25.700     458.824508
     -25.600     458.566850
     -25.500     458.313994
     -25.400     458.066553
     -25.300     457.825176
     -25.200     457.590528
     -25.100     457.363273
     -25.000     457.144054
     -24.900     456.936348
     -24.800     456.737651
     -24.700     456.548192
     -24.600     456.368135
     -24.500     456.197587
     -24.400     456.036603
     -24.300     455.885195
     -24.200     455.743343
     -24.100     455.611000
     -24.000     455.488111
     -23.900     455.373127
     -23.800     455.267606
     -23.700     455.171624
     -23.600     455.085266
     -23.500     455.008624
     -23.400     454.941797
     -23.300     454.884890
     -23.200     454.838014
     -23.100     454.801284
     -23.000     454.774817
     -22.900     454.758845
     -22.800     454.753348
     -22.700     454.758437
     -22.600     454.774223
     -22.500     454.800816
     -22.400     454.838319
     -22.300     454.886832
     -22.200     454.946444
     -22.100     455.017237
     -22.000     455.099281
     -21.900     455.192809
     -21.800     455.297657
     -21.700     455.413837
     -21.600     455.541350
     -21.500     455.680185
     -21.400     455.830318
     -21.300     455.991712
     -21.200     456.164317
     -21.100     456.348069
     -21.000     456.542888
     -20.900     456.749368
     -20.800     456.966703
     -20.700     457.194698
     -20.600     457.433140
     -20.500     457.681797
     -20.400     457.940428
     -20.300     458.208787
     -20.200     458.486627
     -20.100     458.773712
     -20.000     459.069819
     -19.900     459.372954
     -19.800     459.684836
     -19.700     460.005483
     -19.600     460.334944
     -19.500     460.673289
     -19.400     461.020609
     -19.300     461.377002
     -19.200     461.742568
     -19.100     462.117394
     -19.000     462.501554
     -18.900     462.897145
     -18.800     463.301954
     -18.700     463.715782
     -18.600     464.138401
     -18.500     464.569562
     -18.400     465.008997
     -18.300     465.456425
     -18.200     465.911563
     -18.100     466.374124
     -18.000     466.843831
     -17.900     467.319242
     -17.800     467.801445
     -17.700     468.290285
     -17.600     468.785605
     -17.500     469.287245
     -17.400     469.795037
     -17.300     470.308809
     -17.200     470.828377
     -17.100     471.353554
     -17.000     471.884143
     -16.900     472.419821
     -16.800     472.960429
     -16.700     473.505793
     -16.600     474.055753
     -16.500     474.610161
     -16.400     475.168882
     -16.300     475.731788
     -16.200     476.298759
     -16.100     476.869672
     -16.000     477.444403
     -15.900     478.023568
     -15.800     478.606241
     -15.700     479.192182
     -15.600     479.781126
     -15.500     480.372787
     -15.400     480.966853
     -15.300     481.562995
     -15.200     482.160863
     -15.100     482.760092
     -15.000     483.360303
     -14.900     483.960856
     -14.800     484.561652
     -14.700     485.162301
     -14.600     485.762403
     -14.500     486.361546
     -14.400     486.959313
     -14.300     487.555281
     -14.200     488.149027
     -14.100     488.740126
     -14.000     489.328159
     -13.900     489.911868
     -13.800     490.491721
     -13.700     491.067401
     -13.600     491.638604
     -13.500     492.205029
     -13.400     492.766376
     -13.300     493.322340
     -13.200     493.872603
     -13.100     494.416834
     -13.000     494.954679
     -12.900     495.487161
     -12.800     496.012320
     -12.700     496.529609
     -12.600     497.038472
     -12.500     497.538352
     -12.400     498.028695
     -12.300     498.508960
     -12.200     498.978624
     -12.100     499.437182
     -12.000     499.884154
     -11.900     500.318382
     -11.800     500.740350
     -11.700     501.149664
     -11.600     501.545914
     -11.500     501.928661
     -11.400     502.297438
     -11.300     502.651746
     -11.200     502.991061
     -11.100     503.314834
     -11.000     503.622501
     -10.900     503.912678
     -10.800     504.185435
     -10.700     504.440352
     -10.600     504.677086
     -10.500     504.895374
     -10.400     505.095042
     -10.300     505.275996
     -10.200     505.438220
     -10.100     505.581764
     -10.000     505.706734
      -9.900     505.814987
      -9.800     505.905037
      -9.700     505.976854
      -9.600     506.030369
      -9.500     506.065471
      -9.400     506.082010
      -9.300     506.079795
      -9.200     506.058604
      -9.100     506.018190
      -9.000     505.958295
      -8.900     505.877854
      -8.800     505.777418
      -8.700     505.656864
      -8.600     505.516122
      -8.500     505.355174
      -8.400     505.174067
      -8.300     504.972915
      -8.200     504.751899
      -8.100     504.511270
      -8.000     504.251348
      -7.900     503.971324
      -7.800     503.672947
      -7.700     503.356815
      -7.600     503.023562
      -7.500     502.673846
      -7.400     502.308341
      -7.300     501.927721
      -7.200     501.532651
      -7.100     501.123775
      -7.000     500.701707
      -6.900     500.269239
      -6.800     499.824424
      -6.700     499.367594
      -6.600     498.899075
      -6.500     498.419192
      -6.400     497.928283
      -6.300     497.426705
      -6.200     496.914839
      -6.100     496.393100
      -6.000     495.861936
      -5.900     495.320782
      -5.800     494.771507
      -5.700     494.214708
      -5.600     493.650967
      -5.500     493.080853
      -5.400     492.504913
      -5.300     491.923677
      -5.200     491.337658
      -5.100     490.747356
      -5.000     490.153264
      -4.900     489.554654
      -4.800     488.953129
      -4.700     488.349351
      -4.600     487.744017
      -4.500     487.137860
      -4.400     486.531636
      -4.300     485.926113
      -4.200     485.322059
      -4.100     484.720226
      -4.000     484.121336
      -3.900     483.528548
      -3.800     482.939884
      -3.700     482.355673
      -3.600     481.776182
      -3.500     481.201621
      -3.400     480.632155
      -3.300     480.067915
      -3.200     479.509007
      -3.100     478.955524
      -3.000     478.407560
      -2.900     477.863529
      -2.800     477.325412
      -2.700     476.793481
      -2.600     476.268022
      -2.500     475.749325
      -2.400     475.237688
      -2.300     474.733412
      -2.200     474.236799
      -2.100     473.748150
      -2.000     473.267764
      -1.900     472.795666
      -1.800     472.332369
      -1.700     471.878193
      -1.600     471.433457
      -1.500     470.998472
      -1.400     470.573539
      -1.300     470.158941
      -1.200     469.754940
      -1.100     469.361766
      -1.000     468.979617
      -0.900     468.610301
      -0.800     468.252165
      -0.700     467.905142
      -0.600     467.569129
      -0.500     467.244000
      -0.400     466.929609
      -0.300     466.625798
      -0.200     466.332411
      -0.100     466.049291
       0.000     465.776296
