-0.000000 3.230000 0.030000
-1.000000 3.230000 0.040000
-2.000000 3.180000 0.030000
-3.000000 3.290000 0.030000
-4.000000 3.300000 0.030000
-5.000000 3.260000 0.030000
-6.000000 3.330000 0.040000
-7.000000 3.370000 0.040000
-8.000000 3.420000 0.030000
-9.000000 3.380000 0.040000
-10.000000 3.520000 0.040000
-11.000000 3.600000 0.040000
-12.000000 3.920000 0.050000
-13.000000 4.060000 0.040000
-14.000000 4.280000 0.030000
-15.000000 4.490000 0.040000
-16.000000 4.750000 0.030000
-17.000000 4.880000 0.040000
-18.000000 5.020000 0.030000
-19.000000 4.960000 0.030000
-20.000000 4.990000 0.040000
-21.000000 4.910000 0.030000
-22.000000 4.880000 0.030000
-23.000000 4.860000 0.030000
-24.000000 4.810000 0.040000
-25.000000 4.820000 0.020000
-26.000000 4.670000 0.040000
-27.000000 4.750000 0.040000
-28.000000 4.750000 0.030000
-29.000000 4.730000 0.030000
-30.000000 4.620000 0.040000
-31.000000 4.620000 0.030000
-32.000000 4.600000 0.030000
-33.000000 4.580000 0.030000
-34.000000 4.590000 0.030000
-35.000000 4.540000 0.020000
-36.000000 4.450000 0.030000
-37.000000 4.460000 0.030000
-38.000000 4.410000 0.030000
-39.000000 4.550000 0.030000
-40.000000 4.550000 0.030000
-41.000000 4.510000 0.050000
-42.000000 4.500000 0.030000
-43.000000 4.460000 0.040000
-44.000000 4.480000 0.030000
-45.000000 4.330000 0.040000
-46.000000 4.360000 0.050000
-47.000000 4.380000 0.040000
-48.000000 4.450000 0.040000
-49.000000 4.460000 0.030000
-50.000000 4.340000 0.040000
-51.000000 4.330000 0.050000
-52.000000 4.310000 0.040000
-53.000000 4.440000 0.030000
-54.000000 4.380000 0.040000
-55.000000 4.310000 0.030000
-56.000000 4.350000 0.040000
-57.000000 4.430000 0.040000
-58.000000 4.490000 0.060000
-59.000000 4.430000 0.040000
-60.000000 4.600000 0.040000
-61.000000 4.510000 0.050000
-62.000000 4.600000 0.040000
-63.000000 4.530000 0.040000
-64.000000 4.360000 0.060000
-65.000000 4.480000 0.050000
-66.000000 4.570000 0.040000
-67.000000 4.440000 0.050000
-68.000000 4.420000 0.060000
-69.000000 4.470000 0.050000
-70.000000 4.320000 0.040000
-71.000000 4.220000 0.050000
-72.000000 4.210000 0.040000
-73.000000 4.230000 0.040000
-74.000000 4.030000 0.040000
-75.000000 3.950000 0.040000
-76.000000 4.060000 0.040000
-77.000000 4.080000 0.050000
-78.000000 4.050000 0.030000
-79.000000 4.050000 0.050000
-80.000000 3.900000 0.040000
-81.000000 3.820000 0.040000
-82.000000 3.800000 0.040000
-83.000000 3.830000 0.040000
-84.000000 3.820000 0.040000
-85.000000 3.950000 0.060000
-86.000000 4.060000 0.050000
-87.000000 4.180000 0.050000
-88.000000 4.110000 0.050000
-89.000000 4.080000 0.040000
-90.000000 4.060000 0.050000
-91.000000 4.030000 0.040000
-92.000000 3.980000 0.040000
-93.000000 3.900000 0.030000
-94.000000 3.840000 0.040000
-95.000000 3.770000 0.050000
-96.000000 3.750000 0.030000
-97.000000 3.830000 0.040000
-98.000000 3.900000 0.040000
-99.000000 3.780000 0.060000
-100.000000 3.810000 0.060000
-101.000000 3.920000 0.050000
-102.000000 3.860000 0.050000
-103.000000 3.880000 0.040000
-104.000000 3.920000 0.050000
-105.000000 3.850000 0.060000
-106.000000 4.000000 0.040000
-107.000000 4.040000 0.050000
-108.000000 4.110000 0.040000
-109.000000 4.120000 0.050000
-110.000000 4.040000 0.050000
-111.000000 4.020000 0.050000
-112.000000 4.030000 0.040000
-113.000000 3.930000 0.050000
-114.000000 3.810000 0.050000
-115.000000 3.710000 0.040000
-116.000000 3.580000 0.040000
-117.000000 3.540000 0.050000
-118.000000 3.440000 0.060000
-119.000000 3.300000 0.030000
-120.000000 3.270000 0.040000
-121.000000 3.260000 0.040000
-122.000000 3.180000 0.030000
-123.000000 3.100000 0.050000
-124.000000 3.270000 0.040000
-125.000000 3.140000 0.060000
-126.000000 3.160000 0.040000
-127.000000 3.370000 0.050000
-128.000000 3.710000 0.070000
-129.000000 3.900000 0.080000
-130.000000 3.670000 0.090000
-131.000000 3.810000 0.090000
-132.000000 4.200000 0.060000
-133.000000 4.410000 0.050000
-134.000000 4.700000 0.050000
-135.000000 4.860000 0.040000
-136.000000 4.820000 0.050000
-137.000000 4.800000 0.050000
-138.000000 4.890000 0.040000
-139.000000 4.870000 0.050000
-140.000000 4.980000 0.050000
-141.000000 4.810000 0.050000
-142.000000 4.750000 0.060000
-143.000000 4.780000 0.050000
-144.000000 4.820000 0.050000
-145.000000 4.740000 0.050000
-146.000000 4.770000 0.050000
-147.000000 4.820000 0.050000
-148.000000 4.710000 0.050000
-149.000000 4.750000 0.040000
-150.000000 4.750000 0.060000
-151.000000 4.660000 0.060000
-152.000000 4.640000 0.050000
-153.000000 4.620000 0.040000
-154.000000 4.660000 0.040000
-155.000000 4.510000 0.040000
-156.000000 4.780000 0.040000
-157.000000 4.740000 0.040000
-158.000000 4.690000 0.030000
-159.000000 4.660000 0.050000
-160.000000 4.690000 0.050000
-161.000000 4.650000 0.040000
-162.000000 4.660000 0.050000
-163.000000 4.700000 0.060000
-164.000000 4.680000 0.050000
-165.000000 4.680000 0.050000
-166.000000 4.480000 0.040000
-167.000000 4.410000 0.060000
-168.000000 4.480000 0.040000
-169.000000 4.500000 0.040000
-170.000000 4.500000 0.030000
-171.000000 4.530000 0.040000
-172.000000 4.460000 0.030000
-173.000000 4.380000 0.030000
-174.000000 4.280000 0.040000
-175.000000 4.320000 0.050000
-176.000000 4.390000 0.040000
-177.000000 4.460000 0.040000
-178.000000 4.440000 0.030000
-179.000000 4.480000 0.050000
-180.000000 4.390000 0.060000
-181.000000 4.460000 0.030000
-182.000000 4.480000 0.050000
-183.000000 4.370000 0.040000
-184.000000 4.400000 0.060000
-185.000000 4.590000 0.060000
-186.000000 4.470000 0.040000
-187.000000 4.400000 0.050000
-188.000000 4.460000 0.050000
-189.000000 4.390000 0.040000
-190.000000 4.280000 0.050000
-191.000000 4.130000 0.050000
-192.000000 3.760000 0.050000
-193.000000 3.920000 0.050000
-194.000000 3.840000 0.070000
-195.000000 3.910000 0.050000
-196.000000 3.820000 0.040000
-197.000000 3.740000 0.060000
-198.000000 3.820000 0.040000
-199.000000 3.570000 0.050000
-200.000000 3.530000 0.070000
-201.000000 3.530000 0.030000
-202.000000 3.630000 0.060000
-203.000000 3.610000 0.070000
-204.000000 3.780000 0.050000
-205.000000 3.820000 0.060000
-206.000000 3.770000 0.070000
-207.000000 3.780000 0.080000
-208.000000 3.710000 0.070000
-209.000000 3.640000 0.060000
-210.000000 3.570000 0.070000
-211.000000 3.600000 0.060000
-212.000000 3.610000 0.060000
-213.000000 3.650000 0.060000
-214.000000 3.560000 0.070000
-215.000000 3.540000 0.050000
-216.000000 3.530000 0.040000
-217.000000 3.480000 0.090000
-218.000000 3.720000 0.050000
-219.000000 3.940000 0.050000
-220.000000 3.980000 0.060000
-221.000000 4.230000 0.060000
-222.000000 4.380000 0.090000
-223.000000 4.440000 0.070000
-224.000000 4.390000 0.070000
-225.000000 4.280000 0.060000
-226.000000 4.290000 0.050000
-227.000000 4.190000 0.050000
-228.000000 4.190000 0.120000
-229.000000 4.020000 0.080000
-230.000000 4.300000 0.060000
-231.000000 4.220000 0.070000
-232.000000 4.170000 0.070000
-233.000000 3.970000 0.060000
-234.000000 3.840000 0.050000
-235.000000 3.710000 0.060000
-236.000000 3.660000 0.050000
-237.000000 3.470000 0.040000
-238.000000 3.510000 0.060000
-239.000000 3.440000 0.040000
-240.000000 3.440000 0.060000
-241.000000 3.540000 0.080000
-242.000000 3.680000 0.060000
-243.000000 3.780000 0.080000
-244.000000 4.050000 0.060000
-245.000000 4.170000 0.060000
-246.000000 4.380000 0.050000
-247.000000 4.310000 0.040000
-248.000000 4.380000 0.070000
-249.000000 4.360000 0.050000
-250.000000 4.500000 0.050000
-251.000000 4.580000 0.040000
-252.000000 4.630000 0.040000
-253.000000 4.520000 0.060000
-254.000000 4.570000 0.040000
-255.000000 4.370000 0.050000
-256.000000 4.430000 0.060000
-257.000000 4.550000 0.050000
-258.000000 4.510000 0.050000
-259.000000 4.520000 0.040000
-260.000000 4.460000 0.060000
-261.000000 4.520000 0.030000
-262.000000 4.450000 0.050000
-263.000000 4.460000 0.050000
-264.000000 4.420000 0.040000
-265.000000 4.440000 0.050000
-266.000000 4.500000 0.050000
-267.000000 4.500000 0.050000
-268.000000 4.330000 0.060000
-269.000000 4.520000 0.060000
-270.000000 4.510000 0.060000
-271.000000 4.500000 0.050000
-272.000000 4.440000 0.060000
-273.000000 4.440000 0.030000
-274.000000 4.380000 0.040000
-275.000000 4.380000 0.050000
-276.000000 4.300000 0.060000
-277.000000 4.440000 0.050000
-278.000000 4.310000 0.050000
-279.000000 4.230000 0.070000
-280.000000 4.140000 0.050000
-281.000000 4.210000 0.040000
-282.000000 3.980000 0.050000
-283.000000 3.870000 0.060000
-284.000000 3.860000 0.040000
-285.000000 3.840000 0.040000
-286.000000 3.820000 0.050000
-287.000000 3.890000 0.040000
-288.000000 4.020000 0.060000
-289.000000 4.060000 0.050000
-290.000000 4.100000 0.060000
-291.000000 4.110000 0.040000
-292.000000 4.270000 0.070000
-293.000000 4.220000 0.060000
-294.000000 4.330000 0.050000
-295.000000 4.310000 0.030000
-296.000000 4.230000 0.040000
-297.000000 4.300000 0.060000
-298.000000 4.170000 0.040000
-299.000000 4.230000 0.040000
-300.000000 4.020000 0.070000
-301.000000 4.060000 0.070000
-302.000000 4.060000 0.070000
-303.000000 4.000000 0.060000
-304.000000 4.070000 0.040000
-305.000000 4.070000 0.070000
-306.000000 4.050000 0.060000
-307.000000 4.000000 0.040000
-308.000000 3.850000 0.040000
-309.000000 3.860000 0.060000
-310.000000 3.800000 0.060000
-311.000000 3.700000 0.040000
-312.000000 3.790000 0.050000
-313.000000 3.690000 0.060000
-314.000000 3.770000 0.060000
-315.000000 3.620000 0.060000
-316.000000 3.690000 0.070000
-317.000000 3.890000 0.050000
-318.000000 3.760000 0.040000
-319.000000 3.580000 0.050000
-320.000000 3.660000 0.050000
-321.000000 3.530000 0.050000
-322.000000 3.530000 0.050000
-323.000000 3.470000 0.050000
-324.000000 3.210000 0.050000
-325.000000 3.310000 0.040000
-326.000000 3.230000 0.040000
-327.000000 3.220000 0.040000
-328.000000 3.230000 0.050000
-329.000000 3.190000 0.040000
-330.000000 3.300000 0.040000
-331.000000 3.290000 0.060000
-332.000000 3.390000 0.080000
-333.000000 3.380000 0.070000
-334.000000 3.510000 0.080000
-335.000000 3.750000 0.080000
-336.000000 4.080000 0.080000
-337.000000 4.230000 0.080000
-338.000000 4.170000 0.070000
-339.000000 4.420000 0.070000
-340.000000 4.600000 0.060000
-341.000000 4.840000 0.060000
-342.000000 4.830000 0.050000
-343.000000 4.800000 0.070000
-344.000000 4.760000 0.070000
-345.000000 4.790000 0.050000
-346.000000 4.680000 0.060000
-347.000000 4.530000 0.070000
-348.000000 4.490000 0.100000
-349.000000 4.620000 0.040000
-350.000000 4.670000 0.050000
-351.000000 4.640000 0.050000
-352.000000 4.470000 0.090000
-353.000000 4.470000 0.050000
-354.000000 4.400000 0.060000
-355.000000 4.590000 0.040000
-356.000000 4.460000 0.070000
-357.000000 4.550000 0.070000
-358.000000 4.580000 0.040000
-359.000000 4.490000 0.080000
-360.000000 4.540000 0.040000
-361.000000 4.500000 0.060000
-362.000000 4.500000 0.040000
-363.000000 4.530000 0.050000
-364.000000 4.360000 0.040000
-365.000000 4.460000 0.050000
-366.000000 4.320000 0.060000
-367.000000 4.370000 0.040000
-368.000000 4.400000 0.050000
-369.000000 4.380000 0.040000
-370.000000 4.360000 0.050000
-371.000000 4.270000 0.050000
-372.000000 4.420000 0.040000
-373.000000 4.290000 0.070000
-374.000000 4.340000 0.060000
-375.000000 4.200000 0.050000
-376.000000 4.210000 0.050000
-377.000000 4.200000 0.040000
-378.000000 4.190000 0.030000
-379.000000 4.170000 0.050000
-380.000000 4.190000 0.050000
-381.000000 4.150000 0.030000
-382.000000 4.050000 0.060000
-383.000000 4.120000 0.030000
-384.000000 4.080000 0.050000
-385.000000 4.140000 0.030000
-386.000000 4.020000 0.070000
-387.000000 3.990000 0.040000
-388.000000 3.920000 0.040000
-389.000000 3.890000 0.040000
-390.000000 3.960000 0.060000
-391.000000 4.000000 0.050000
-392.000000 3.970000 0.030000
-393.000000 3.860000 0.050000
-394.000000 3.920000 0.050000
-395.000000 3.760000 0.050000
-396.000000 3.720000 0.040000
-397.000000 3.470000 0.090000
-398.000000 3.540000 0.040000
-399.000000 3.480000 0.060000
-400.000000 3.320000 0.040000
-401.000000 3.200000 0.050000
-402.000000 3.170000 0.050000
-403.000000 3.150000 0.040000
-404.000000 3.200000 0.050000
-405.000000 3.110000 0.040000
-406.000000 3.190000 0.040000
-407.000000 3.210000 0.050000
-408.000000 3.170000 0.060000
-409.000000 3.220000 0.060000
-410.000000 3.150000 0.060000
-411.000000 3.290000 0.050000
-412.000000 3.310000 0.040000
-413.000000 3.380000 0.030000
-414.000000 3.410000 0.040000
-415.000000 3.410000 0.050000
-416.000000 3.510000 0.060000
-417.000000 3.570000 0.050000
-418.000000 3.750000 0.050000
-419.000000 3.810000 0.030000
-420.000000 3.770000 0.060000
-421.000000 3.850000 0.070000
-422.000000 3.940000 0.050000
-423.000000 4.020000 0.070000
-424.000000 3.920000 0.070000
-425.000000 4.300000 0.140000
-426.000000 4.500000 0.070000
-427.000000 4.300000 0.100000
-428.000000 4.720000 0.060000
-429.000000 4.910000 0.070000
-430.000000 4.980000 0.070000
-431.000000 5.050000 0.050000
-432.000000 5.050000 0.080000
-433.000000 5.080000 0.050000
-434.000000 5.080000 0.050000
-435.000000 5.020000 0.100000
-436.000000 5.070000 0.040000
-437.000000 4.900000 0.080000
-438.000000 4.790000 0.100000
-439.000000 4.870000 0.060000
-440.000000 4.760000 0.090000
-441.000000 4.950000 0.070000
-442.000000 4.960000 0.050000
-443.000000 4.910000 0.040000
-444.000000 4.820000 0.070000
-445.000000 4.910000 0.050000
-446.000000 4.820000 0.050000
-447.000000 4.510000 0.080000
-448.000000 4.770000 0.060000
-449.000000 4.730000 0.060000
-450.000000 4.750000 0.060000
-451.000000 4.580000 0.060000
-452.000000 4.730000 0.050000
-453.000000 4.560000 0.090000
-454.000000 4.600000 0.040000
-455.000000 4.410000 0.090000
-456.000000 4.620000 0.050000
-457.000000 4.630000 0.080000
-458.000000 4.550000 0.050000
-459.000000 4.630000 0.060000
-460.000000 4.560000 0.070000
-461.000000 4.590000 0.040000
-462.000000 4.610000 0.050000
-463.000000 4.610000 0.050000
-464.000000 4.440000 0.050000
-465.000000 4.570000 0.040000
-466.000000 4.460000 0.030000
-467.000000 4.440000 0.060000
-468.000000 4.380000 0.040000
-469.000000 4.510000 0.040000
-470.000000 4.330000 0.050000
-471.000000 4.250000 0.070000
-472.000000 4.320000 0.050000
-473.000000 4.360000 0.050000
-474.000000 4.390000 0.060000
-475.000000 4.350000 0.030000
-476.000000 4.300000 0.050000
-477.000000 4.270000 0.030000
-478.000000 4.220000 0.040000
-479.000000 4.120000 0.040000
-480.000000 4.120000 0.040000
-481.000000 4.170000 0.050000
-482.000000 4.010000 0.030000
-483.000000 3.970000 0.030000
-484.000000 3.790000 0.050000
-485.000000 3.810000 0.070000
-486.000000 3.760000 0.050000
-487.000000 3.720000 0.060000
-488.000000 3.670000 0.040000
-489.000000 3.600000 0.040000
-490.000000 3.540000 0.060000
-491.000000 3.470000 0.070000
-492.000000 3.630000 0.050000
-493.000000 3.720000 0.040000
-494.000000 3.830000 0.070000
-495.000000 3.830000 0.070000
-496.000000 3.830000 0.050000
-497.000000 3.680000 0.060000
-498.000000 3.820000 0.040000
-499.000000 3.750000 0.060000
-500.000000 3.840000 0.040000
-501.000000 3.780000 0.050000
-502.000000 3.750000 0.060000
-503.000000 3.810000 0.040000
-504.000000 3.910000 0.050000
-505.000000 3.860000 0.070000
-506.000000 4.010000 0.040000
-507.000000 3.930000 0.070000
-508.000000 4.160000 0.090000
-509.000000 4.060000 0.040000
-510.000000 4.140000 0.050000
-511.000000 4.060000 0.060000
-512.000000 4.220000 0.070000
-513.000000 4.250000 0.030000
-514.000000 4.100000 0.050000
-515.000000 4.100000 0.060000
-516.000000 4.010000 0.050000
-517.000000 3.960000 0.080000
-518.000000 4.070000 0.060000
-519.000000 3.960000 0.050000
-520.000000 3.950000 0.050000
-521.000000 3.910000 0.080000
-522.000000 3.880000 0.040000
-523.000000 3.930000 0.050000
-524.000000 3.830000 0.060000
-525.000000 3.920000 0.060000
-526.000000 3.970000 0.090000
-527.000000 3.960000 0.070000
-528.000000 3.920000 0.080000
-529.000000 3.990000 0.050000
-530.000000 3.970000 0.080000
-531.000000 3.920000 0.070000
-532.000000 4.010000 0.070000
-533.000000 4.110000 0.070000
-534.000000 4.270000 0.060000
-535.000000 4.290000 0.070000
-536.000000 4.550000 0.060000
-537.000000 4.430000 0.060000
-538.000000 4.540000 0.050000
-539.000000 4.480000 0.080000
-540.000000 4.530000 0.060000
-541.000000 4.500000 0.060000
-542.000000 4.450000 0.050000
-543.000000 4.450000 0.090000
-544.000000 4.460000 0.080000
-545.000000 4.430000 0.050000
-546.000000 4.510000 0.070000
-547.000000 4.530000 0.070000
-548.000000 4.550000 0.040000
-549.000000 4.530000 0.050000
-550.000000 4.500000 0.060000
-551.000000 4.450000 0.070000
-552.000000 4.520000 0.060000
-553.000000 4.460000 0.050000
-554.000000 4.290000 0.080000
-555.000000 4.250000 0.050000
-556.000000 4.390000 0.060000
-557.000000 4.350000 0.040000
-558.000000 4.250000 0.050000
-559.000000 4.170000 0.050000
-560.000000 4.140000 0.030000
-561.000000 4.210000 0.050000
-562.000000 4.140000 0.080000
-563.000000 4.170000 0.060000
-564.000000 4.010000 0.050000
-565.000000 3.960000 0.030000
-566.000000 3.860000 0.060000
-567.000000 3.940000 0.040000
-568.000000 4.000000 0.040000
-569.000000 3.970000 0.070000
-570.000000 3.910000 0.040000
-571.000000 3.890000 0.060000
-572.000000 3.590000 0.050000
-573.000000 3.650000 0.050000
-574.000000 3.730000 0.070000
-575.000000 3.390000 0.060000
-576.000000 3.460000 0.050000
-577.000000 3.480000 0.040000
-578.000000 3.500000 0.070000
-579.000000 3.570000 0.060000
-580.000000 3.690000 0.050000
-581.000000 4.000000 0.060000
-582.000000 4.130000 0.140000
-583.000000 4.290000 0.100000
-584.000000 4.310000 0.100000
-585.000000 4.330000 0.070000
-586.000000 4.180000 0.080000
-587.000000 4.110000 0.130000
-588.000000 4.190000 0.040000
-589.000000 4.070000 0.080000
-590.000000 4.090000 0.050000
-591.000000 4.070000 0.040000
-592.000000 4.020000 0.080000
-593.000000 3.990000 0.090000
-594.000000 3.900000 0.060000
-595.000000 3.880000 0.080000
-596.000000 3.890000 0.080000
-597.000000 3.800000 0.070000
-598.000000 3.990000 0.050000
-599.000000 4.020000 0.070000
-600.000000 4.070000 0.000000
-602.000000 3.970000 0.050000
-604.000000 3.770000 0.060000
-606.000000 3.800000 0.070000
-608.000000 3.800000 0.050000
-610.000000 3.490000 0.040000
-612.000000 3.520000 0.060000
-614.000000 3.530000 0.050000
-616.000000 3.660000 0.050000
-618.000000 3.810000 0.080000
-620.000000 4.090000 0.090000
-622.000000 4.310000 0.080000
-624.000000 4.630000 0.070000
-626.000000 4.900000 0.060000
-628.000000 5.010000 0.070000
-630.000000 5.080000 0.060000
-632.000000 5.050000 0.050000
-634.000000 4.930000 0.060000
-636.000000 5.000000 0.040000
-638.000000 4.800000 0.050000
-640.000000 5.010000 0.060000
-642.000000 4.750000 0.050000
-644.000000 4.680000 0.080000
-646.000000 4.720000 0.050000
-648.000000 4.750000 0.050000
-650.000000 4.710000 0.060000
-652.000000 4.790000 0.050000
-654.000000 4.770000 0.050000
-656.000000 4.570000 0.050000
-658.000000 4.580000 0.040000
-660.000000 4.640000 0.050000
-662.000000 4.800000 0.070000
-664.000000 4.580000 0.040000
-666.000000 4.500000 0.050000
-668.000000 4.650000 0.040000
-670.000000 4.420000 0.050000
-672.000000 4.520000 0.060000
-674.000000 4.460000 0.040000
-676.000000 4.400000 0.050000
-678.000000 4.260000 0.050000
-680.000000 4.140000 0.060000
-682.000000 4.150000 0.060000
-684.000000 4.030000 0.070000
-686.000000 4.130000 0.050000
-688.000000 3.950000 0.060000
-690.000000 3.700000 0.050000
-692.000000 3.710000 0.060000
-694.000000 3.640000 0.060000
-696.000000 3.500000 0.040000
-698.000000 3.570000 0.040000
-700.000000 3.650000 0.050000
-702.000000 3.760000 0.050000
-704.000000 3.840000 0.050000
-706.000000 3.930000 0.050000
-708.000000 4.030000 0.070000
-710.000000 3.980000 0.070000
-712.000000 4.060000 0.090000
-714.000000 4.290000 0.060000
-716.000000 4.610000 0.080000
-718.000000 4.750000 0.070000
-720.000000 4.660000 0.090000
-722.000000 4.650000 0.060000
-724.000000 4.440000 0.060000
-726.000000 4.320000 0.050000
-728.000000 4.160000 0.050000
-730.000000 4.160000 0.040000
-732.000000 4.020000 0.070000
-734.000000 4.150000 0.040000
-736.000000 4.190000 0.060000
-738.000000 4.210000 0.060000
-740.000000 4.110000 0.080000
-742.000000 4.170000 0.050000
-744.000000 4.480000 0.060000
-746.000000 4.670000 0.110000
-748.000000 4.590000 0.060000
-750.000000 4.600000 0.070000
-752.000000 4.480000 0.050000
-754.000000 4.550000 0.060000
-756.000000 4.590000 0.060000
-758.000000 4.260000 0.060000
-760.000000 4.330000 0.050000
-762.000000 4.110000 0.060000
-764.000000 4.280000 0.060000
-766.000000 4.110000 0.060000
-768.000000 4.070000 0.050000
-770.000000 3.990000 0.050000
-772.000000 3.870000 0.050000
-774.000000 3.760000 0.050000
-776.000000 3.640000 0.050000
-778.000000 3.560000 0.040000
-780.000000 3.480000 0.050000
-782.000000 3.540000 0.050000
-784.000000 3.550000 0.070000
-786.000000 3.680000 0.050000
-788.000000 3.700000 0.100000
-790.000000 4.160000 0.060000
-792.000000 4.270000 0.060000
-794.000000 4.740000 0.090000
-796.000000 4.670000 0.070000
-798.000000 4.680000 0.080000
-800.000000 4.680000 0.070000
-802.000000 4.730000 0.060000
-804.000000 4.550000 0.070000
-806.000000 4.530000 0.040000
-808.000000 4.490000 0.060000
-810.000000 4.310000 0.050000
-812.000000 4.380000 0.060000
-814.000000 4.120000 0.050000
-816.000000 4.080000 0.080000
-818.000000 3.900000 0.070000
-820.000000 3.960000 0.060000
-822.000000 3.900000 0.050000
-824.000000 3.920000 0.080000
-826.000000 4.110000 0.060000
-828.000000 3.950000 0.060000
-830.000000 4.040000 0.050000
-832.000000 4.070000 0.050000
-834.000000 3.950000 0.060000
-836.000000 3.820000 0.040000
-838.000000 3.990000 0.060000
-840.000000 4.020000 0.070000
-842.000000 3.810000 0.050000
-844.000000 3.670000 0.050000
-846.000000 3.580000 0.040000
-848.000000 3.630000 0.070000
-850.000000 3.500000 0.040000
-852.000000 3.650000 0.050000
-854.000000 3.630000 0.050000
-856.000000 3.460000 0.050000
-858.000000 3.420000 0.050000
-860.000000 3.450000 0.070000
-862.000000 3.680000 0.090000
-864.000000 3.580000 0.060000
-866.000000 4.060000 0.070000
-868.000000 4.320000 0.060000
-870.000000 4.510000 0.070000
-872.000000 4.670000 0.060000
-874.000000 4.680000 0.070000
-876.000000 4.690000 0.080000
-878.000000 4.590000 0.080000
-880.000000 4.680000 0.040000
-882.000000 4.420000 0.070000
-884.000000 4.470000 0.050000
-886.000000 4.470000 0.070000
-888.000000 4.450000 0.040000
-890.000000 4.390000 0.060000
-892.000000 4.320000 0.070000
-894.000000 4.410000 0.070000
-896.000000 4.400000 0.050000
-898.000000 4.330000 0.040000
-900.000000 4.290000 0.050000
-902.000000 4.170000 0.040000
-904.000000 4.140000 0.060000
-906.000000 4.120000 0.040000
-908.000000 3.990000 0.060000
-910.000000 3.990000 0.050000
-912.000000 4.090000 0.040000
-914.000000 4.030000 0.050000
-916.000000 4.060000 0.060000
-918.000000 4.370000 0.060000
-920.000000 4.510000 0.060000
-922.000000 4.550000 0.060000
-924.000000 4.430000 0.060000
-926.000000 4.380000 0.040000
-928.000000 4.260000 0.050000
-930.000000 4.100000 0.050000
-932.000000 4.070000 0.050000
-934.000000 3.980000 0.060000
-936.000000 4.020000 0.050000
-938.000000 3.860000 0.040000
-940.000000 3.890000 0.040000
-942.000000 3.690000 0.040000
-944.000000 3.570000 0.040000
-946.000000 3.630000 0.060000
-948.000000 3.480000 0.050000
-950.000000 3.440000 0.040000
-952.000000 3.300000 0.040000
-954.000000 3.390000 0.070000
-956.000000 3.330000 0.050000
-958.000000 3.730000 0.080000
-960.000000 4.160000 0.080000
-962.000000 4.420000 0.060000
-964.000000 4.580000 0.080000
-966.000000 4.300000 0.050000
-968.000000 4.210000 0.060000
-970.000000 4.090000 0.050000
-972.000000 3.980000 0.060000
-974.000000 3.870000 0.050000
-976.000000 3.770000 0.060000
-978.000000 3.720000 0.050000
-980.000000 3.760000 0.060000
-982.000000 3.990000 0.070000
-984.000000 4.150000 0.060000
-986.000000 4.240000 0.070000
-988.000000 4.210000 0.070000
-990.000000 4.110000 0.050000
-992.000000 4.060000 0.060000
-994.000000 3.940000 0.050000
-996.000000 3.840000 0.060000
-998.000000 3.840000 0.040000
-1000.000000 3.940000 0.060000
-1002.000000 4.150000 0.070000
-1004.000000 4.280000 0.080000
-1006.000000 4.220000 0.070000
-1008.000000 4.220000 0.050000
-1010.000000 4.120000 0.060000
-1012.000000 4.130000 0.070000
-1014.000000 3.990000 0.060000
-1016.000000 3.730000 0.050000
-1018.000000 3.780000 0.040000
-1020.000000 3.830000 0.050000
-1022.000000 3.570000 0.080000
-1024.000000 3.640000 0.050000
-1026.000000 3.870000 0.060000
-1028.000000 3.840000 0.060000
-1030.000000 3.950000 0.080000
-1032.000000 4.080000 0.040000
-1034.000000 4.360000 0.050000
-1036.000000 4.330000 0.070000
-1038.000000 4.540000 0.090000
-1040.000000 4.330000 0.080000
-1042.000000 4.230000 0.090000
-1044.000000 4.380000 0.060000
-1046.000000 4.220000 0.060000
-1048.000000 4.290000 0.070000
-1050.000000 4.180000 0.050000
-1052.000000 4.270000 0.060000
-1054.000000 4.250000 0.060000
-1056.000000 4.120000 0.060000
-1058.000000 4.230000 0.060000
-1060.000000 4.080000 0.040000
-1062.000000 3.940000 0.060000
-1064.000000 3.660000 0.070000
-1066.000000 3.480000 0.050000
-1068.000000 3.330000 0.050000
-1070.000000 3.340000 0.050000
-1072.000000 3.210000 0.080000
-1074.000000 3.420000 0.060000
-1076.000000 3.480000 0.060000
-1078.000000 3.540000 0.040000
-1080.000000 3.610000 0.040000
-1082.000000 3.810000 0.060000
-1084.000000 3.700000 0.070000
-1086.000000 3.890000 0.040000
-1088.000000 3.910000 0.050000
-1090.000000 3.950000 0.050000
-1092.000000 4.010000 0.040000
-1094.000000 4.000000 0.060000
-1096.000000 4.030000 0.040000
-1098.000000 4.290000 0.050000
-1100.000000 4.080000 0.070000
-1102.000000 4.030000 0.060000
-1104.000000 3.930000 0.060000
-1106.000000 3.830000 0.050000
-1108.000000 3.670000 0.060000
-1110.000000 3.850000 0.060000
-1112.000000 3.840000 0.050000
-1114.000000 4.120000 0.050000
-1116.000000 4.140000 0.050000
-1118.000000 4.200000 0.050000
-1120.000000 4.090000 0.080000
-1122.000000 4.470000 0.060000
-1124.000000 4.340000 0.090000
-1126.000000 4.500000 0.030000
-1128.000000 4.380000 0.060000
-1130.000000 4.320000 0.080000
-1132.000000 4.050000 0.070000
-1134.000000 4.220000 0.060000
-1136.000000 4.240000 0.050000
-1138.000000 4.020000 0.040000
-1140.000000 4.020000 0.060000
-1142.000000 3.970000 0.060000
-1144.000000 3.990000 0.050000
-1146.000000 3.860000 0.040000
-1148.000000 4.020000 0.060000
-1150.000000 3.820000 0.050000
-1152.000000 3.750000 0.050000
-1154.000000 3.760000 0.040000
-1156.000000 3.790000 0.040000
-1158.000000 3.680000 0.050000
-1160.000000 3.600000 0.060000
-1162.000000 3.600000 0.050000
-1164.000000 3.660000 0.060000
-1166.000000 3.530000 0.050000
-1168.000000 3.560000 0.050000
-1170.000000 3.600000 0.070000
-1172.000000 3.730000 0.050000
-1174.000000 3.760000 0.060000
-1176.000000 3.740000 0.060000
-1178.000000 3.800000 0.040000
-1180.000000 3.600000 0.060000
-1182.000000 3.840000 0.040000
-1184.000000 3.650000 0.050000
-1186.000000 3.770000 0.050000
-1188.000000 3.670000 0.080000
-1190.000000 4.050000 0.030000
-1192.000000 4.140000 0.080000
-1194.000000 4.270000 0.060000
-1196.000000 4.280000 0.070000
-1198.000000 4.430000 0.060000
-1200.000000 4.420000 0.060000
-1202.000000 4.200000 0.090000
-1204.000000 4.340000 0.060000
-1206.000000 4.160000 0.070000
-1208.000000 4.320000 0.060000
-1210.000000 4.200000 0.070000
-1212.000000 4.080000 0.070000
-1214.000000 4.100000 0.060000
-1216.000000 3.820000 0.090000
-1218.000000 3.730000 0.110000
-1220.000000 3.970000 0.070000
-1222.000000 3.940000 0.070000
-1224.000000 3.740000 0.060000
-1226.000000 3.630000 0.090000
-1228.000000 3.550000 0.080000
-1230.000000 3.420000 0.060000
-1232.000000 3.410000 0.050000
-1234.000000 3.340000 0.100000
-1236.000000 3.380000 0.070000
-1238.000000 3.350000 0.070000
-1240.000000 3.330000 0.050000
-1242.000000 3.470000 0.100000
-1244.000000 3.850000 0.070000
-1246.000000 4.100000 0.070000
-1248.000000 4.360000 0.030000
-1250.000000 4.310000 0.060000
-1252.000000 4.250000 0.050000
-1254.000000 4.270000 0.050000
-1256.000000 4.110000 0.050000
-1258.000000 3.900000 0.080000
-1260.000000 3.870000 0.050000
-1262.000000 4.070000 0.070000
-1264.000000 3.960000 0.070000
-1266.000000 3.910000 0.070000
-1268.000000 3.910000 0.080000
-1270.000000 3.840000 0.070000
-1272.000000 3.810000 0.070000
-1274.000000 3.840000 0.050000
-1276.000000 3.710000 0.070000
-1278.000000 3.670000 0.040000
-1280.000000 3.560000 0.050000
-1282.000000 3.650000 0.050000
-1284.000000 3.840000 0.040000
-1286.000000 3.970000 0.040000
-1288.000000 4.260000 0.050000
-1290.000000 4.350000 0.050000
-1292.000000 4.140000 0.070000
-1294.000000 3.940000 0.080000
-1296.000000 4.200000 0.030000
-1298.000000 4.150000 0.050000
-1300.000000 4.070000 0.030000
-1302.000000 4.060000 0.060000
-1304.000000 3.970000 0.040000
-1306.000000 3.900000 0.080000
-1308.000000 3.800000 0.040000
-1310.000000 3.650000 0.060000
-1312.000000 3.690000 0.030000
-1314.000000 3.710000 0.050000
-1316.000000 3.590000 0.050000
-1318.000000 3.730000 0.060000
-1320.000000 3.950000 0.030000
-1322.000000 3.940000 0.050000
-1324.000000 3.990000 0.060000
-1326.000000 4.000000 0.060000
-1328.000000 4.090000 0.070000
-1330.000000 4.060000 0.070000
-1332.000000 4.020000 0.070000
-1334.000000 4.190000 0.070000
-1336.000000 4.190000 0.050000
-1338.000000 4.100000 0.080000
-1340.000000 4.190000 0.050000
-1342.000000 4.070000 0.070000
-1344.000000 3.880000 0.080000
-1346.000000 3.860000 0.070000
-1348.000000 3.670000 0.080000
-1350.000000 3.590000 0.060000
-1352.000000 3.490000 0.060000
-1354.000000 3.410000 0.060000
-1356.000000 3.500000 0.050000
-1358.000000 3.550000 0.050000
-1360.000000 3.630000 0.070000
-1362.000000 3.800000 0.060000
-1364.000000 3.980000 0.080000
-1366.000000 3.990000 0.070000
-1368.000000 4.200000 0.040000
-1370.000000 4.040000 0.060000
-1372.000000 4.260000 0.040000
-1374.000000 4.210000 0.050000
-1376.000000 4.080000 0.060000
-1378.000000 4.200000 0.080000
-1380.000000 4.050000 0.060000
-1382.000000 3.960000 0.060000
-1384.000000 3.820000 0.050000
-1386.000000 3.720000 0.080000
-1388.000000 3.610000 0.070000
-1390.000000 3.730000 0.060000
-1392.000000 3.590000 0.040000
-1394.000000 3.700000 0.110000
-1396.000000 3.540000 0.040000
-1398.000000 3.490000 0.050000
-1400.000000 3.560000 0.080000
-1402.000000 3.630000 0.050000
-1404.000000 3.740000 0.080000
-1406.000000 3.970000 0.060000
-1408.000000 3.970000 0.120000
-1410.000000 4.200000 0.070000
-1412.000000 4.400000 0.080000
-1414.000000 4.220000 0.080000
-1416.000000 3.960000 0.120000
-1418.000000 3.840000 0.070000
-1420.000000 3.960000 0.060000
-1422.000000 3.830000 0.090000
-1424.000000 3.720000 0.070000
-1426.000000 3.720000 0.060000
-1428.000000 3.610000 0.060000
-1430.000000 3.520000 0.050000
-1432.000000 3.380000 0.050000
-1434.000000 3.380000 0.060000
-1436.000000 3.240000 0.090000
-1438.000000 3.240000 0.070000
-1440.000000 3.280000 0.070000
-1442.000000 3.340000 0.040000
-1444.000000 3.330000 0.050000
-1446.000000 3.360000 0.050000
-1448.000000 3.350000 0.060000
-1450.000000 3.490000 0.060000
-1452.000000 3.800000 0.130000
-1454.000000 4.200000 0.130000
-1456.000000 4.310000 0.070000
-1458.000000 4.240000 0.060000
-1460.000000 4.100000 0.080000
-1462.000000 4.070000 0.060000
-1464.000000 4.220000 0.090000
-1466.000000 3.990000 0.090000
-1468.000000 3.870000 0.130000
-1470.000000 3.620000 0.070000
-1472.000000 3.450000 0.070000
-1474.000000 3.380000 0.080000
-1476.000000 3.310000 0.080000
-1478.000000 3.420000 0.070000
-1480.000000 3.390000 0.080000
-1482.000000 3.440000 0.070000
-1484.000000 3.570000 0.100000
-1486.000000 3.420000 0.050000
-1488.000000 3.420000 0.050000
-1490.000000 3.510000 0.050000
-1492.000000 3.770000 0.100000
-1494.000000 4.050000 0.090000
-1496.000000 4.360000 0.050000
-1498.000000 4.240000 0.070000
-1500.000000 4.210000 0.000000
-1502.500000 4.290000 0.060000
-1505.000000 4.160000 0.100000
-1507.500000 4.150000 0.060000
-1510.000000 4.020000 0.060000
-1512.500000 3.740000 0.080000
-1515.000000 3.690000 0.080000
-1517.500000 3.790000 0.110000
-1520.000000 3.640000 0.070000
-1522.500000 3.670000 0.050000
-1525.000000 3.700000 0.070000
-1527.500000 3.890000 0.080000
-1530.000000 3.960000 0.070000
-1532.500000 4.200000 0.110000
-1535.000000 4.410000 0.090000
-1537.500000 4.350000 0.070000
-1540.000000 4.380000 0.070000
-1542.500000 4.300000 0.060000
-1545.000000 4.070000 0.060000
-1547.500000 3.970000 0.050000
-1550.000000 3.820000 0.080000
-1552.500000 3.680000 0.070000
-1555.000000 3.720000 0.080000
-1557.500000 3.790000 0.060000
-1560.000000 3.760000 0.050000
-1562.500000 3.580000 0.060000
-1565.000000 3.560000 0.050000
-1567.500000 3.730000 0.050000
-1570.000000 3.850000 0.070000
-1572.500000 4.170000 0.050000
-1575.000000 4.240000 0.060000
-1577.500000 4.180000 0.070000
-1580.000000 3.990000 0.070000
-1582.500000 3.990000 0.070000
-1585.000000 3.800000 0.100000
-1587.500000 3.660000 0.070000
-1590.000000 3.720000 0.040000
-1592.500000 3.860000 0.070000
-1595.000000 3.710000 0.050000
-1597.500000 3.610000 0.040000
-1600.000000 3.530000 0.060000
-1602.500000 3.370000 0.040000
-1605.000000 3.550000 0.050000
-1607.500000 3.660000 0.080000
-1610.000000 3.660000 0.070000
-1612.500000 3.880000 0.050000
-1615.000000 3.840000 0.060000
-1617.500000 3.900000 0.050000
-1620.000000 3.650000 0.050000
-1622.500000 3.680000 0.050000
-1625.000000 3.760000 0.040000
-1627.500000 4.010000 0.070000
-1630.000000 3.550000 0.060000
-1632.500000 3.570000 0.070000
-1635.000000 3.560000 0.070000
-1637.500000 3.600000 0.080000
-1640.000000 3.680000 0.080000
-1642.500000 3.880000 0.060000
-1645.000000 4.050000 0.070000
-1647.500000 4.170000 0.080000
-1650.000000 4.180000 0.060000
-1652.500000 4.250000 0.060000
-1655.000000 4.280000 0.060000
-1657.500000 4.110000 0.060000
-1660.000000 4.130000 0.060000
-1662.500000 4.080000 0.070000
-1665.000000 4.130000 0.060000
-1667.500000 3.910000 0.060000
-1670.000000 3.880000 0.080000
-1672.500000 3.860000 0.060000
-1675.000000 3.550000 0.080000
-1677.500000 3.720000 0.050000
-1680.000000 3.650000 0.060000
-1682.500000 3.570000 0.070000
-1685.000000 3.590000 0.050000
-1687.500000 3.740000 0.050000
-1690.000000 3.720000 0.060000
-1692.500000 3.750000 0.060000
-1695.000000 3.820000 0.050000
-1697.500000 3.770000 0.090000
-1700.000000 4.090000 0.060000
-1702.500000 4.150000 0.060000
-1705.000000 4.120000 0.070000
-1707.500000 4.170000 0.060000
-1710.000000 3.930000 0.060000
-1712.500000 3.860000 0.070000
-1715.000000 3.830000 0.060000
-1717.500000 3.570000 0.060000
-1720.000000 3.520000 0.060000
-1722.500000 3.720000 0.070000
-1725.000000 3.790000 0.070000
-1727.500000 3.800000 0.070000
-1730.000000 3.740000 0.100000
-1732.500000 3.860000 0.080000
-1735.000000 3.600000 0.070000
-1737.500000 3.600000 0.060000
-1740.000000 3.710000 0.080000
-1742.500000 3.690000 0.100000
-1745.000000 4.130000 0.070000
-1747.500000 4.210000 0.080000
-1750.000000 4.160000 0.050000
-1752.500000 3.850000 0.070000
-1755.000000 3.740000 0.040000
-1757.500000 3.830000 0.080000
-1760.000000 3.530000 0.090000
-1762.500000 3.630000 0.080000
-1765.000000 3.490000 0.080000
-1767.500000 3.520000 0.080000
-1770.000000 3.480000 0.060000
-1772.500000 3.380000 0.080000
-1775.000000 3.530000 0.060000
-1777.500000 3.570000 0.050000
-1780.000000 3.650000 0.060000
-1782.500000 3.800000 0.090000
-1785.000000 3.770000 0.070000
-1787.500000 3.850000 0.070000
-1790.000000 3.990000 0.080000
-1792.500000 4.060000 0.060000
-1795.000000 4.090000 0.050000
-1797.500000 3.890000 0.100000
-1800.000000 3.950000 0.040000
-1802.500000 3.800000 0.050000
-1805.000000 3.680000 0.040000
-1807.500000 3.660000 0.070000
-1810.000000 3.520000 0.060000
-1812.500000 3.680000 0.060000
-1815.000000 3.610000 0.060000
-1817.500000 3.980000 0.060000
-1820.000000 3.820000 0.080000
-1822.500000 3.730000 0.080000
-1825.000000 3.720000 0.070000
-1827.500000 3.650000 0.040000
-1830.000000 3.420000 0.080000
-1832.500000 3.630000 0.070000
-1835.000000 3.680000 0.070000
-1837.500000 3.570000 0.060000
-1840.000000 3.570000 0.060000
-1842.500000 3.570000 0.100000
-1845.000000 3.610000 0.100000
-1847.500000 3.800000 0.080000
-1850.000000 3.620000 0.110000
-1852.500000 3.610000 0.060000
-1855.000000 3.560000 0.070000
-1857.500000 3.640000 0.070000
-1860.000000 3.890000 0.050000
-1862.500000 4.190000 0.060000
-1865.000000 4.160000 0.070000
-1867.500000 3.970000 0.060000
-1870.000000 3.950000 0.110000
-1872.500000 3.830000 0.090000
-1875.000000 3.840000 0.070000
-1877.500000 3.730000 0.110000
-1880.000000 3.770000 0.090000
-1882.500000 3.690000 0.060000
-1885.000000 3.750000 0.050000
-1887.500000 3.590000 0.060000
-1890.000000 3.680000 0.060000
-1892.500000 3.610000 0.050000
-1895.000000 3.740000 0.070000
-1897.500000 3.690000 0.080000
-1900.000000 4.020000 0.050000
-1902.500000 3.930000 0.120000
-1905.000000 4.010000 0.060000
-1907.500000 3.830000 0.090000
-1910.000000 3.810000 0.110000
-1912.500000 3.810000 0.070000
-1915.000000 3.700000 0.060000
-1917.500000 3.640000 0.070000
-1920.000000 3.700000 0.060000
-1922.500000 3.650000 0.080000
-1925.000000 3.500000 0.070000
-1927.500000 3.480000 0.090000
-1930.000000 3.510000 0.080000
-1932.500000 3.450000 0.090000
-1935.000000 3.520000 0.050000
-1937.500000 3.580000 0.090000
-1940.000000 3.510000 0.080000
-1942.500000 4.020000 0.050000
-1945.000000 4.030000 0.100000
-1947.500000 4.170000 0.070000
-1950.000000 4.100000 0.070000
-1952.500000 4.020000 0.060000
-1955.000000 3.890000 0.070000
-1957.500000 3.770000 0.110000
-1960.000000 3.860000 0.090000
-1962.500000 3.900000 0.050000
-1965.000000 3.740000 0.070000
-1967.500000 3.610000 0.100000
-1970.000000 3.750000 0.070000
-1972.500000 3.500000 0.070000
-1975.000000 3.550000 0.060000
-1977.500000 3.450000 0.040000
-1980.000000 3.330000 0.040000
-1982.500000 3.380000 0.070000
-1985.000000 3.360000 0.070000
-1987.500000 3.520000 0.070000
-1990.000000 3.650000 0.080000
-1992.500000 3.680000 0.100000
-1995.000000 3.580000 0.090000
-1997.500000 3.690000 0.080000
-2000.000000 3.850000 0.060000
-2002.500000 3.810000 0.090000
-2005.000000 3.920000 0.070000
-2007.500000 3.890000 0.070000
-2010.000000 3.550000 0.060000
-2012.500000 3.630000 0.090000
-2015.000000 3.810000 0.080000
-2017.500000 3.540000 0.070000
-2020.000000 3.570000 0.070000
-2022.500000 3.460000 0.080000
-2025.000000 3.240000 0.070000
-2027.500000 3.440000 0.070000
-2030.000000 3.340000 0.080000
-2032.500000 3.360000 0.060000
-2035.000000 3.560000 0.050000
-2037.500000 3.630000 0.070000
-2040.000000 3.670000 0.060000
-2042.500000 3.620000 0.070000
-2045.000000 3.920000 0.070000
-2047.500000 3.780000 0.070000
-2050.000000 3.710000 0.080000
-2052.500000 3.620000 0.090000
-2055.000000 3.600000 0.060000
-2057.500000 3.720000 0.080000
-2060.000000 3.740000 0.080000
-2062.500000 3.880000 0.050000
-2065.000000 4.180000 0.070000
-2067.500000 4.180000 0.060000
-2070.000000 4.210000 0.070000
-2072.500000 4.280000 0.050000
-2075.000000 4.160000 0.060000
-2077.500000 4.150000 0.050000
-2080.000000 3.960000 0.060000
-2082.500000 3.990000 0.090000
-2085.000000 3.850000 0.070000
-2087.500000 3.880000 0.080000
-2090.000000 3.700000 0.070000
-2092.500000 3.630000 0.060000
-2095.000000 3.490000 0.070000
-2097.500000 3.460000 0.070000
-2100.000000 3.440000 0.100000
-2102.500000 3.550000 0.070000
-2105.000000 3.660000 0.070000
-2107.500000 3.630000 0.080000
-2110.000000 3.510000 0.060000
-2112.500000 3.500000 0.060000
-2115.000000 3.500000 0.100000
-2117.500000 3.720000 0.080000
-2120.000000 3.680000 0.100000
-2122.500000 3.680000 0.080000
-2125.000000 3.500000 0.100000
-2127.500000 3.470000 0.090000
-2130.000000 3.320000 0.090000
-2132.500000 3.290000 0.070000
-2135.000000 3.290000 0.120000
-2137.500000 3.340000 0.100000
-2140.000000 3.230000 0.070000
-2142.500000 3.440000 0.070000
-2145.000000 3.600000 0.070000
-2147.500000 4.000000 0.060000
-2150.000000 4.150000 0.060000
-2152.500000 4.220000 0.070000
-2155.000000 4.230000 0.060000
-2157.500000 4.100000 0.050000
-2160.000000 4.150000 0.060000
-2162.500000 3.940000 0.070000
-2165.000000 3.880000 0.040000
-2167.500000 3.770000 0.060000
-2170.000000 3.690000 0.030000
-2172.500000 3.670000 0.070000
-2175.000000 3.560000 0.060000
-2177.500000 3.500000 0.050000
-2180.000000 3.360000 0.080000
-2182.500000 3.410000 0.080000
-2185.000000 3.420000 0.040000
-2187.500000 3.380000 0.090000
-2190.000000 3.560000 0.050000
-2192.500000 3.680000 0.050000
-2195.000000 3.770000 0.070000
-2197.500000 3.830000 0.050000
-2200.000000 3.860000 0.070000
-2202.500000 3.830000 0.060000
-2205.000000 3.740000 0.050000
-2207.500000 3.600000 0.060000
-2210.000000 3.590000 0.050000
-2212.500000 3.460000 0.060000
-2215.000000 3.590000 0.060000
-2217.500000 3.610000 0.060000
-2220.000000 3.570000 0.050000
-2222.500000 3.490000 0.040000
-2225.000000 3.390000 0.040000
-2227.500000 3.420000 0.040000
-2230.000000 3.460000 0.060000
-2232.500000 3.490000 0.060000
-2235.000000 3.560000 0.070000
-2237.500000 3.800000 0.050000
-2240.000000 4.010000 0.070000
-2242.500000 3.870000 0.060000
-2245.000000 3.800000 0.060000
-2247.500000 3.720000 0.050000
-2250.000000 3.610000 0.060000
-2252.500000 3.450000 0.090000
-2255.000000 3.390000 0.060000
-2257.500000 3.320000 0.070000
-2260.000000 3.210000 0.080000
-2262.500000 3.300000 0.060000
-2265.000000 3.450000 0.100000
-2267.500000 3.370000 0.120000
-2270.000000 3.480000 0.060000
-2272.500000 3.500000 0.050000
-2275.000000 3.870000 0.070000
-2277.500000 3.800000 0.050000
-2280.000000 3.840000 0.040000
-2282.500000 3.910000 0.090000
-2285.000000 3.800000 0.050000
-2287.500000 3.690000 0.080000
-2290.000000 3.680000 0.050000
-2292.500000 3.460000 0.080000
-2295.000000 3.450000 0.060000
-2297.500000 3.270000 0.070000
-2300.000000 3.280000 0.110000
-2302.500000 3.360000 0.070000
-2305.000000 3.350000 0.060000
-2307.500000 3.430000 0.080000
-2310.000000 3.610000 0.040000
-2312.500000 3.700000 0.060000
-2315.000000 3.740000 0.080000
-2317.500000 3.750000 0.070000
-2320.000000 3.760000 0.040000
-2322.500000 3.600000 0.080000
-2325.000000 3.520000 0.040000
-2327.500000 3.640000 0.060000
-2330.000000 3.640000 0.070000
-2332.500000 3.520000 0.080000
-2335.000000 3.390000 0.070000
-2337.500000 3.290000 0.060000
-2340.000000 3.200000 0.090000
-2342.500000 3.330000 0.070000
-2345.000000 3.370000 0.060000
-2347.500000 3.250000 0.070000
-2350.000000 3.580000 0.060000
-2352.500000 3.720000 0.050000
-2355.000000 3.800000 0.050000
-2357.500000 3.960000 0.060000
-2360.000000 3.920000 0.030000
-2362.500000 3.760000 0.050000
-2365.000000 3.870000 0.040000
-2367.500000 3.630000 0.070000
-2370.000000 3.720000 0.050000
-2372.500000 3.630000 0.070000
-2375.000000 3.390000 0.070000
-2377.500000 3.380000 0.060000
-2380.000000 3.370000 0.050000
-2382.500000 3.240000 0.100000
-2385.000000 3.330000 0.070000
-2387.500000 3.480000 0.060000
-2390.000000 3.540000 0.080000
-2392.500000 3.600000 0.080000
-2395.000000 3.410000 0.090000
-2397.500000 3.460000 0.070000
-2400.000000 3.480000 0.090000
-2402.500000 3.670000 0.070000
-2405.000000 3.690000 0.070000
-2407.500000 3.410000 0.070000
-2410.000000 3.290000 0.080000
-2412.500000 3.370000 0.060000
-2415.000000 3.370000 0.060000
-2417.500000 3.330000 0.060000
-2420.000000 3.350000 0.070000
-2422.500000 3.530000 0.060000
-2425.000000 3.490000 0.080000
-2427.500000 3.660000 0.050000
-2430.000000 3.930000 0.060000
-2432.500000 4.170000 0.060000
-2435.000000 4.090000 0.060000
-2437.500000 4.140000 0.050000
-2440.000000 4.010000 0.040000
-2442.500000 4.000000 0.070000
-2445.000000 3.950000 0.070000
-2447.500000 3.910000 0.060000
-2450.000000 3.730000 0.060000
-2452.500000 3.690000 0.050000
-2455.000000 3.450000 0.050000
-2457.500000 3.390000 0.050000
-2460.000000 3.390000 0.060000
-2462.500000 3.210000 0.070000
-2465.000000 3.250000 0.060000
-2467.500000 3.310000 0.060000
-2470.000000 3.320000 0.060000
-2472.500000 3.430000 0.070000
-2475.000000 3.570000 0.080000
-2477.500000 3.700000 0.070000
-2480.000000 3.700000 0.050000
-2482.500000 3.960000 0.050000
-2485.000000 3.990000 0.100000
-2487.500000 4.160000 0.060000
-2490.000000 3.830000 0.080000
-2492.500000 3.650000 0.090000
-2495.000000 3.620000 0.050000
-2497.500000 3.430000 0.060000
-2500.000000 3.180000 0.080000
-2502.500000 3.350000 0.050000
-2505.000000 3.480000 0.050000
-2507.500000 3.420000 0.060000
-2510.000000 3.650000 0.050000
-2512.500000 3.760000 0.090000
-2515.000000 3.890000 0.070000
-2517.500000 4.120000 0.070000
-2520.000000 4.130000 0.070000
-2522.500000 4.060000 0.060000
-2525.000000 4.130000 0.030000
-2527.500000 4.030000 0.040000
-2530.000000 3.890000 0.060000
-2532.500000 3.930000 0.040000
-2535.000000 3.730000 0.090000
-2537.500000 3.740000 0.050000
-2540.000000 3.630000 0.070000
-2542.500000 3.350000 0.080000
-2545.000000 3.270000 0.060000
-2547.500000 3.180000 0.070000
-2550.000000 3.210000 0.060000
-2552.500000 3.280000 0.080000
-2555.000000 3.430000 0.060000
-2557.500000 3.390000 0.070000
-2560.000000 3.370000 0.060000
-2562.500000 3.380000 0.070000
-2565.000000 3.630000 0.050000
-2567.500000 3.530000 0.060000
-2570.000000 3.470000 0.050000
-2572.500000 3.470000 0.060000
-2575.000000 3.410000 0.070000
-2577.500000 3.320000 0.060000
-2580.000000 3.230000 0.050000
-2582.500000 3.260000 0.050000
-2585.000000 3.160000 0.080000
-2587.500000 3.270000 0.070000
-2590.000000 3.430000 0.060000
-2592.500000 3.450000 0.070000
-2595.000000 3.470000 0.050000
-2597.500000 3.740000 0.050000
-2600.000000 3.900000 0.050000
-2602.500000 3.860000 0.060000
-2605.000000 3.810000 0.060000
-2607.500000 3.850000 0.050000
-2610.000000 3.620000 0.070000
-2612.500000 3.640000 0.050000
-2615.000000 3.440000 0.080000
-2617.500000 3.450000 0.070000
-2620.000000 3.270000 0.050000
-2622.500000 3.240000 0.050000
-2625.000000 3.310000 0.080000
-2627.500000 3.260000 0.080000
-2630.000000 3.230000 0.060000
-2632.500000 3.440000 0.050000
-2635.000000 3.450000 0.070000
-2637.500000 3.480000 0.060000
-2640.000000 3.660000 0.040000
-2642.500000 3.720000 0.050000
-2645.000000 3.840000 0.060000
-2647.500000 3.690000 0.050000
-2650.000000 3.510000 0.090000
-2652.500000 3.410000 0.060000
-2655.000000 3.350000 0.070000
-2657.500000 3.140000 0.090000
-2660.000000 3.230000 0.080000
-2662.500000 3.050000 0.080000
-2665.000000 3.250000 0.050000
-2667.500000 3.240000 0.090000
-2670.000000 3.190000 0.060000
-2672.500000 3.200000 0.070000
-2675.000000 3.220000 0.080000
-2677.500000 3.360000 0.070000
-2680.000000 3.370000 0.070000
-2682.500000 3.540000 0.080000
-2685.000000 3.680000 0.060000
-2687.500000 3.750000 0.030000
-2690.000000 3.610000 0.060000
-2692.500000 3.530000 0.060000
-2695.000000 3.610000 0.080000
-2697.500000 3.570000 0.070000
-2700.000000 3.610000 0.050000
-2702.500000 3.480000 0.070000
-2705.000000 3.790000 0.040000
-2707.500000 3.760000 0.070000
-2710.000000 3.700000 0.050000
-2712.500000 3.760000 0.060000
-2715.000000 3.870000 0.040000
-2717.500000 3.800000 0.050000
-2720.000000 3.800000 0.060000
-2722.500000 3.770000 0.060000
-2725.000000 3.660000 0.080000
-2727.500000 3.610000 0.070000
-2730.000000 3.470000 0.050000
-2732.500000 3.390000 0.050000
-2735.000000 3.270000 0.060000
-2737.500000 3.120000 0.040000
-2740.000000 3.180000 0.050000
-2742.500000 3.040000 0.060000
-2745.000000 3.150000 0.050000
-2747.500000 3.090000 0.040000
-2750.000000 3.130000 0.050000
-2752.500000 3.210000 0.040000
-2755.000000 3.190000 0.050000
-2757.500000 3.160000 0.050000
-2760.000000 3.270000 0.050000
-2762.500000 3.240000 0.040000
-2765.000000 3.240000 0.050000
-2767.500000 3.150000 0.050000
-2770.000000 3.130000 0.040000
-2772.500000 3.280000 0.050000
-2775.000000 3.310000 0.040000
-2777.500000 3.230000 0.050000
-2780.000000 3.180000 0.050000
-2782.500000 3.160000 0.050000
-2785.000000 3.190000 0.050000
-2787.500000 3.240000 0.060000
-2790.000000 3.210000 0.060000
-2792.500000 3.260000 0.050000
-2795.000000 3.410000 0.070000
-2797.500000 3.400000 0.050000
-2800.000000 3.500000 0.060000
-2802.500000 3.740000 0.050000
-2805.000000 3.780000 0.050000
-2807.500000 3.730000 0.060000
-2810.000000 3.650000 0.070000
-2812.500000 3.660000 0.050000
-2815.000000 3.630000 0.050000
-2817.500000 3.450000 0.050000
-2820.000000 3.380000 0.060000
-2822.500000 3.260000 0.050000
-2825.000000 3.150000 0.080000
-2827.500000 3.120000 0.060000
-2830.000000 3.160000 0.060000
-2832.500000 3.110000 0.040000
-2835.000000 3.170000 0.080000
-2837.500000 3.270000 0.080000
-2840.000000 3.340000 0.050000
-2842.500000 3.420000 0.060000
-2845.000000 3.380000 0.070000
-2847.500000 3.500000 0.070000
-2850.000000 3.400000 0.060000
-2852.500000 3.420000 0.050000
-2855.000000 3.440000 0.060000
-2857.500000 3.330000 0.060000
-2860.000000 3.190000 0.080000
-2862.500000 3.250000 0.060000
-2865.000000 3.370000 0.050000
-2867.500000 3.310000 0.060000
-2870.000000 3.300000 0.090000
-2872.500000 3.230000 0.060000
-2875.000000 3.230000 0.050000
-2877.500000 3.470000 0.060000
-2880.000000 3.480000 0.060000
-2882.500000 3.450000 0.040000
-2885.000000 3.500000 0.080000
-2887.500000 3.460000 0.060000
-2890.000000 3.490000 0.040000
-2892.500000 3.340000 0.070000
-2895.000000 3.290000 0.050000
-2897.500000 3.140000 0.050000
-2900.000000 3.220000 0.060000
-2902.500000 3.210000 0.070000
-2905.000000 3.320000 0.050000
-2907.500000 3.280000 0.080000
-2910.000000 3.270000 0.040000
-2912.500000 3.300000 0.050000
-2915.000000 3.490000 0.080000
-2917.500000 3.410000 0.050000
-2920.000000 3.510000 0.050000
-2922.500000 3.500000 0.060000
-2925.000000 3.500000 0.040000
-2927.500000 3.330000 0.090000
-2930.000000 3.430000 0.100000
-2932.500000 3.510000 0.070000
-2935.000000 3.310000 0.060000
-2937.500000 3.180000 0.060000
-2940.000000 3.090000 0.080000
-2942.500000 2.950000 0.070000
-2945.000000 2.950000 0.040000
-2947.500000 3.060000 0.060000
-2950.000000 2.930000 0.060000
-2952.500000 2.920000 0.070000
-2955.000000 3.160000 0.050000
-2957.500000 3.230000 0.060000
-2960.000000 3.080000 0.080000
-2962.500000 3.180000 0.060000
-2965.000000 3.160000 0.050000
-2967.500000 3.350000 0.060000
-2970.000000 3.300000 0.060000
-2972.500000 3.330000 0.040000
-2975.000000 3.480000 0.060000
-2977.500000 3.430000 0.040000
-2980.000000 3.450000 0.070000
-2982.500000 3.260000 0.060000
-2985.000000 3.070000 0.060000
-2987.500000 3.150000 0.060000
-2990.000000 3.180000 0.070000
-2992.500000 3.210000 0.040000
-2995.000000 3.200000 0.070000
-2997.500000 3.220000 0.060000
-3000.000000 3.360000 0.000000
-3005.000000 3.440000 0.040000
-3010.000000 3.460000 0.040000
-3015.000000 3.520000 0.040000
-3020.000000 3.490000 0.040000
-3025.000000 3.320000 0.040000
-3030.000000 3.130000 0.040000
-3035.000000 3.090000 0.060000
-3040.000000 3.230000 0.050000
-3045.000000 3.310000 0.040000
-3050.000000 3.330000 0.060000
-3055.000000 3.140000 0.040000
-3060.000000 2.950000 0.060000
-3065.000000 3.050000 0.060000
-3070.000000 3.090000 0.060000
-3075.000000 3.100000 0.040000
-3080.000000 3.090000 0.050000
-3085.000000 2.940000 0.060000
-3090.000000 3.180000 0.050000
-3095.000000 3.180000 0.050000
-3100.000000 3.080000 0.050000
-3105.000000 3.060000 0.060000
-3110.000000 3.130000 0.040000
-3115.000000 3.220000 0.040000
-3120.000000 3.260000 0.030000
-3125.000000 3.340000 0.040000
-3130.000000 3.380000 0.030000
-3135.000000 3.450000 0.050000
-3140.000000 3.380000 0.050000
-3145.000000 3.350000 0.050000
-3150.000000 3.160000 0.050000
-3155.000000 2.950000 0.040000
-3160.000000 3.010000 0.050000
-3165.000000 3.040000 0.050000
-3170.000000 3.140000 0.040000
-3175.000000 3.190000 0.040000
-3180.000000 3.160000 0.050000
-3185.000000 3.080000 0.050000
-3190.000000 2.950000 0.050000
-3195.000000 3.090000 0.040000
-3200.000000 3.020000 0.070000
-3205.000000 3.000000 0.050000
-3210.000000 3.020000 0.050000
-3215.000000 3.200000 0.040000
-3220.000000 3.130000 0.040000
-3225.000000 3.210000 0.040000
-3230.000000 3.130000 0.030000
-3235.000000 3.240000 0.050000
-3240.000000 3.040000 0.050000
-3245.000000 3.040000 0.060000
-3250.000000 3.030000 0.040000
-3255.000000 3.170000 0.040000
-3260.000000 3.160000 0.040000
-3265.000000 3.320000 0.050000
-3270.000000 3.270000 0.050000
-3275.000000 3.330000 0.050000
-3280.000000 3.260000 0.040000
-3285.000000 3.400000 0.040000
-3290.000000 3.650000 0.040000
-3295.000000 3.740000 0.040000
-3300.000000 3.710000 0.030000
-3305.000000 3.420000 0.040000
-3310.000000 3.370000 0.050000
-3315.000000 3.220000 0.050000
-3320.000000 3.100000 0.040000
-3325.000000 3.200000 0.050000
-3330.000000 3.210000 0.050000
-3335.000000 3.250000 0.040000
-3340.000000 3.410000 0.040000
-3345.000000 3.310000 0.040000
-3350.000000 3.180000 0.040000
-3355.000000 3.220000 0.050000
-3360.000000 3.170000 0.040000
-3365.000000 3.110000 0.030000
-3370.000000 3.150000 0.040000
-3375.000000 3.350000 0.030000
-3380.000000 3.350000 0.030000
-3385.000000 3.250000 0.040000
-3390.000000 3.160000 0.050000
-3395.000000 3.080000 0.040000
-3400.000000 3.130000 0.040000
-3405.000000 3.140000 0.040000
-3410.000000 3.080000 0.050000
-3415.000000 2.990000 0.050000
-3420.000000 3.100000 0.050000
-3425.000000 3.200000 0.050000
-3430.000000 3.110000 0.040000
-3435.000000 2.900000 0.040000
-3440.000000 2.900000 0.030000
-3445.000000 3.040000 0.030000
-3450.000000 3.120000 0.030000
-3455.000000 3.030000 0.040000
-3460.000000 3.070000 0.060000
-3465.000000 3.230000 0.050000
-3470.000000 3.090000 0.040000
-3475.000000 2.920000 0.040000
-3480.000000 2.890000 0.050000
-3485.000000 3.000000 0.040000
-3490.000000 2.980000 0.040000
-3495.000000 3.060000 0.040000
-3500.000000 2.930000 0.050000
-3505.000000 2.950000 0.050000
-3510.000000 2.970000 0.060000
-3515.000000 3.040000 0.050000
-3520.000000 3.110000 0.040000
-3525.000000 3.180000 0.050000
-3530.000000 3.140000 0.040000
-3535.000000 3.010000 0.040000
-3540.000000 2.920000 0.040000
-3545.000000 3.010000 0.030000
-3550.000000 3.110000 0.040000
-3555.000000 3.120000 0.030000
-3560.000000 3.140000 0.030000
-3565.000000 3.050000 0.040000
-3570.000000 2.890000 0.040000
-3575.000000 2.940000 0.040000
-3580.000000 3.180000 0.030000
-3585.000000 3.160000 0.030000
-3590.000000 3.150000 0.050000
-3595.000000 2.990000 0.060000
-3600.000000 3.000000 0.040000
-3605.000000 3.090000 0.050000
-3610.000000 2.930000 0.040000
-3615.000000 3.040000 0.040000
-3620.000000 3.200000 0.050000
-3625.000000 3.330000 0.040000
-3630.000000 3.410000 0.040000
-3635.000000 3.290000 0.040000
-3640.000000 3.050000 0.050000
-3645.000000 2.980000 0.040000
-3650.000000 2.960000 0.030000
-3655.000000 3.140000 0.040000
-3660.000000 3.180000 0.050000
-3665.000000 3.400000 0.030000
-3670.000000 3.450000 0.030000
-3675.000000 3.210000 0.040000
-3680.000000 3.050000 0.030000
-3685.000000 2.980000 0.040000
-3690.000000 2.920000 0.040000
-3695.000000 3.020000 0.040000
-3700.000000 3.050000 0.050000
-3705.000000 3.100000 0.040000
-3710.000000 3.280000 0.050000
-3715.000000 3.290000 0.040000
-3720.000000 2.970000 0.040000
-3725.000000 2.830000 0.060000
-3730.000000 3.000000 0.040000
-3735.000000 2.930000 0.040000
-3740.000000 2.960000 0.040000
-3745.000000 3.200000 0.050000
-3750.000000 3.080000 0.050000
-3755.000000 2.980000 0.050000
-3760.000000 2.930000 0.040000
-3765.000000 2.890000 0.030000
-3770.000000 3.090000 0.030000
-3775.000000 3.080000 0.040000
-3780.000000 3.050000 0.040000
-3785.000000 2.970000 0.040000
-3790.000000 3.060000 0.060000
-3795.000000 3.210000 0.070000
-3800.000000 3.000000 0.060000
-3805.000000 3.100000 0.050000
-3810.000000 3.050000 0.040000
-3815.000000 3.000000 0.060000
-3820.000000 2.990000 0.050000
-3825.000000 3.220000 0.040000
-3830.000000 3.260000 0.040000
-3835.000000 3.050000 0.040000
-3840.000000 2.860000 0.040000
-3845.000000 2.880000 0.050000
-3850.000000 2.900000 0.050000
-3855.000000 2.890000 0.050000
-3860.000000 2.890000 0.040000
-3865.000000 3.170000 0.050000
-3870.000000 3.160000 0.050000
-3875.000000 3.250000 0.040000
-3880.000000 3.010000 0.060000
-3885.000000 2.950000 0.040000
-3890.000000 2.890000 0.040000
-3895.000000 3.060000 0.040000
-3900.000000 2.920000 0.040000
-3905.000000 2.920000 0.030000
-3910.000000 2.870000 0.030000
-3915.000000 3.070000 0.040000
-3920.000000 3.080000 0.030000
-3925.000000 2.910000 0.040000
-3930.000000 2.890000 0.040000
-3935.000000 2.830000 0.050000
-3940.000000 2.970000 0.050000
-3945.000000 3.040000 0.030000
-3950.000000 3.020000 0.040000
-3955.000000 2.900000 0.060000
-3960.000000 2.890000 0.050000
-3965.000000 2.940000 0.040000
-3970.000000 3.010000 0.050000
-3975.000000 3.010000 0.060000
-3980.000000 3.060000 0.050000
-3985.000000 3.060000 0.080000
-3990.000000 3.240000 0.060000
-3995.000000 3.300000 0.040000
-4000.000000 3.230000 0.050000
-4005.000000 3.160000 0.060000
-4010.000000 2.960000 0.060000
-4015.000000 2.950000 0.050000
-4020.000000 3.070000 0.050000
-4025.000000 3.020000 0.040000
-4030.000000 3.120000 0.040000
-4035.000000 3.170000 0.050000
-4040.000000 3.200000 0.050000
-4045.000000 3.160000 0.040000
-4050.000000 3.060000 0.040000
-4055.000000 3.060000 0.060000
-4060.000000 3.100000 0.040000
-4065.000000 3.010000 0.040000
-4070.000000 3.080000 0.050000
-4075.000000 3.020000 0.070000
-4080.000000 3.010000 0.040000
-4085.000000 3.030000 0.060000
-4090.000000 3.070000 0.040000
-4095.000000 3.070000 0.050000
-4100.000000 2.870000 0.050000
-4105.000000 2.880000 0.050000
-4110.000000 2.870000 0.040000
-4115.000000 2.910000 0.040000
-4120.000000 2.940000 0.040000
-4125.000000 3.000000 0.050000
-4130.000000 2.820000 0.030000
-4135.000000 2.980000 0.040000
-4140.000000 2.920000 0.040000
-4145.000000 2.980000 0.040000
-4150.000000 3.110000 0.050000
-4155.000000 3.160000 0.060000
-4160.000000 3.110000 0.050000
-4165.000000 3.000000 0.050000
-4170.000000 3.060000 0.090000
-4175.000000 2.990000 0.050000
-4180.000000 2.870000 0.090000
-4185.000000 2.860000 0.040000
-4190.000000 2.950000 0.060000
-4195.000000 3.040000 0.050000
-4200.000000 3.110000 0.040000
-4205.000000 3.040000 0.060000
-4210.000000 3.000000 0.040000
-4215.000000 2.850000 0.040000
-4220.000000 3.000000 0.040000
-4225.000000 2.980000 0.050000
-4230.000000 2.910000 0.040000
-4235.000000 3.030000 0.040000
-4240.000000 3.030000 0.040000
-4245.000000 3.060000 0.040000
-4250.000000 2.990000 0.030000
-4255.000000 3.100000 0.080000
-4260.000000 2.950000 0.060000
-4265.000000 2.960000 0.040000
-4270.000000 2.880000 0.090000
-4275.000000 3.060000 0.070000
-4280.000000 2.900000 0.040000
-4285.000000 2.950000 0.060000
-4290.000000 3.020000 0.040000
-4295.000000 3.030000 0.050000
-4300.000000 3.040000 0.050000
-4305.000000 2.880000 0.040000
-4310.000000 2.860000 0.050000
-4315.000000 2.850000 0.050000
-4320.000000 2.840000 0.060000
-4325.000000 2.830000 0.050000
-4330.000000 3.000000 0.050000
-4335.000000 2.850000 0.060000
-4340.000000 2.730000 0.050000
-4345.000000 2.870000 0.040000
-4350.000000 2.840000 0.080000
-4355.000000 2.890000 0.070000
-4360.000000 3.030000 0.040000
-4365.000000 3.070000 0.050000
-4370.000000 2.950000 0.050000
-4375.000000 2.890000 0.060000
-4380.000000 2.980000 0.040000
-4385.000000 2.760000 0.060000
-4390.000000 2.830000 0.060000
-4395.000000 2.940000 0.060000
-4400.000000 2.990000 0.040000
-4405.000000 3.080000 0.030000
-4410.000000 3.030000 0.050000
-4415.000000 3.130000 0.040000
-4420.000000 2.970000 0.050000
-4425.000000 2.940000 0.040000
-4430.000000 2.880000 0.050000
-4435.000000 2.920000 0.060000
-4440.000000 2.880000 0.050000
-4445.000000 2.900000 0.050000
-4450.000000 3.030000 0.050000
-4455.000000 2.950000 0.050000
-4460.000000 2.850000 0.040000
-4465.000000 2.850000 0.050000
-4470.000000 2.870000 0.060000
-4475.000000 2.860000 0.060000
-4480.000000 2.950000 0.050000
-4485.000000 2.920000 0.040000
-4490.000000 3.100000 0.070000
-4495.000000 3.100000 0.060000
-4500.000000 3.120000 0.060000
-4505.000000 3.070000 0.060000
-4510.000000 2.930000 0.050000
-4515.000000 2.990000 0.070000
-4520.000000 2.790000 0.070000
-4525.000000 3.010000 0.050000
-4530.000000 3.040000 0.050000
-4535.000000 3.090000 0.050000
-4540.000000 2.870000 0.040000
-4545.000000 2.810000 0.080000
-4550.000000 2.880000 0.050000
-4555.000000 2.900000 0.040000
-4560.000000 3.020000 0.050000
-4565.000000 2.930000 0.050000
-4570.000000 2.980000 0.040000
-4575.000000 3.160000 0.050000
-4580.000000 3.110000 0.040000
-4585.000000 3.100000 0.040000
-4590.000000 3.000000 0.040000
-4595.000000 3.000000 0.030000
-4600.000000 2.980000 0.040000
-4605.000000 3.090000 0.040000
-4610.000000 3.140000 0.060000
-4615.000000 3.050000 0.050000
-4620.000000 3.040000 0.050000
-4625.000000 3.010000 0.040000
-4630.000000 3.020000 0.060000
-4635.000000 2.950000 0.050000
-4640.000000 2.950000 0.060000
-4645.000000 2.930000 0.050000
-4650.000000 3.090000 0.050000
-4655.000000 3.130000 0.060000
-4660.000000 2.880000 0.050000
-4665.000000 2.970000 0.060000
-4670.000000 2.860000 0.050000
-4675.000000 2.920000 0.060000
-4680.000000 2.860000 0.060000
-4685.000000 3.060000 0.070000
-4690.000000 3.170000 0.050000
-4695.000000 3.080000 0.040000
-4700.000000 3.130000 0.040000
-4705.000000 2.970000 0.050000
-4710.000000 2.920000 0.060000
-4715.000000 3.030000 0.040000
-4720.000000 2.950000 0.060000
-4725.000000 3.130000 0.040000
-4730.000000 3.140000 0.050000
-4735.000000 3.090000 0.040000
-4740.000000 2.910000 0.040000
-4745.000000 2.960000 0.040000
-4750.000000 3.040000 0.040000
-4755.000000 2.860000 0.070000
-4760.000000 2.920000 0.050000
-4765.000000 3.000000 0.030000
-4770.000000 3.200000 0.060000
-4775.000000 3.170000 0.060000
-4780.000000 3.000000 0.040000
-4785.000000 2.990000 0.050000
-4790.000000 2.930000 0.050000
-4795.000000 2.960000 0.050000
-4800.000000 2.990000 0.030000
-4805.000000 2.990000 0.080000
-4810.000000 3.150000 0.050000
-4815.000000 3.150000 0.040000
-4820.000000 3.030000 0.050000
-4825.000000 2.830000 0.050000
-4830.000000 2.850000 0.060000
-4835.000000 2.960000 0.060000
-4840.000000 3.040000 0.060000
-4845.000000 3.240000 0.050000
-4850.000000 3.300000 0.050000
-4855.000000 3.080000 0.060000
-4860.000000 3.060000 0.050000
-4865.000000 2.980000 0.050000
-4870.000000 2.880000 0.060000
-4875.000000 2.860000 0.050000
-4880.000000 2.910000 0.060000
-4885.000000 3.180000 0.060000
-4890.000000 3.270000 0.100000
-4895.000000 3.300000 0.070000
-4900.000000 3.150000 0.060000
-4905.000000 3.030000 0.050000
-4910.000000 2.850000 0.060000
-4915.000000 2.850000 0.040000
-4920.000000 2.960000 0.050000
-4925.000000 2.770000 0.070000
-4930.000000 2.910000 0.040000
-4935.000000 3.030000 0.060000
-4940.000000 3.070000 0.050000
-4945.000000 3.030000 0.070000
-4950.000000 3.050000 0.060000
-4955.000000 2.840000 0.120000
-4960.000000 2.860000 0.070000
-4965.000000 2.910000 0.080000
-4970.000000 2.930000 0.090000
-4975.000000 2.940000 0.060000
-4980.000000 3.170000 0.060000
-4985.000000 2.950000 0.070000
-4990.000000 2.740000 0.050000
-4995.000000 2.850000 0.050000
-5000.000000 2.790000 0.040000
-5005.000000 2.950000 0.060000
-5010.000000 2.940000 0.060000
-5015.000000 2.870000 0.070000
-5020.000000 2.740000 0.070000
-5025.000000 2.740000 0.100000
-5030.000000 2.770000 0.060000
-5035.000000 2.790000 0.080000
-5040.000000 3.060000 0.060000
-5045.000000 3.170000 0.050000
-5050.000000 3.040000 0.070000
-5055.000000 3.060000 0.080000
-5060.000000 2.850000 0.060000
-5065.000000 2.900000 0.100000
-5070.000000 2.930000 0.080000
-5075.000000 2.690000 0.070000
-5080.000000 2.780000 0.090000
-5085.000000 2.810000 0.070000
-5090.000000 2.660000 0.060000
-5095.000000 2.880000 0.060000
-5100.000000 3.000000 0.110000
-5105.000000 3.040000 0.050000
-5110.000000 2.920000 0.040000
-5115.000000 2.860000 0.070000
-5120.000000 2.800000 0.080000
-5125.000000 2.720000 0.020000
-5130.000000 2.680000 0.060000
-5135.000000 2.650000 0.080000
-5140.000000 2.940000 0.070000
-5145.000000 2.900000 0.050000
-5150.000000 2.890000 0.090000
-5155.000000 2.910000 0.070000
-5160.000000 2.820000 0.130000
-5165.000000 2.950000 0.050000
-5170.000000 3.020000 0.090000
-5175.000000 3.210000 0.100000
-5180.000000 3.110000 0.080000
-5185.000000 3.020000 0.080000
-5190.000000 3.000000 0.070000
-5195.000000 2.820000 0.110000
-5200.000000 2.860000 0.080000
-5205.000000 3.000000 0.110000
-5210.000000 2.960000 0.060000
-5215.000000 2.870000 0.060000
-5220.000000 2.840000 0.090000
-5225.000000 2.930000 0.070000
-5230.000000 2.980000 0.050000
-5235.000000 2.770000 0.080000
-5240.000000 2.920000 0.070000
-5245.000000 2.970000 0.090000
-5250.000000 3.060000 0.090000
-5255.000000 3.090000 0.120000
-5260.000000 3.010000 0.070000
-5265.000000 2.980000 0.080000
-5270.000000 2.800000 0.070000
-5275.000000 2.890000 0.110000
-5280.000000 2.890000 0.080000
-5285.000000 2.800000 0.060000
-5290.000000 2.920000 0.030000
-5295.000000 2.970000 0.060000
-5300.000000 2.910000 0.060000
-5305.000000 2.790000 0.040000
-5310.000000 2.790000 0.090000
-5315.000000 2.840000 0.070000
-5320.000000 2.910000 0.090000
